10.43463097434576      
10.88156475462135      
11.50300040207825      
12.03991842994529      
12.45448674063310      
12.73952960981785      
12.89212420636348      
12.91104859159948      
12.79655446341877      
12.55032921516990      
12.17544154645670      
11.67626812221974      
11.05840949766919      
10.32857898551740      
9.494497404568421      
8.564793274547418      
7.548863860198184      
6.456800671361913      
5.299294786481272      
4.087571128940121      
2.833286652394460      
1.548501189981559      
0.2456007423257653     
-1.062748453636227     
-2.363666188816337     
-3.644088555038165     
-4.890877814749576     
-6.090900969876932     
-7.231132069953842     
-8.298801316552559     
-9.281530443234519     
-10.16753723723563     
-10.94582878340374     
-11.60638809095298     
-12.14043587186383     
-12.54061360116642     
-12.80119585313043     
-12.91824211375049     
-12.88972563091961     
-12.71560372835267     
-12.39783251084662     
-11.94031975560559     
-11.34882933574270     
-10.63083592758307     
-9.795360297603072     
-9.230919603509156     
-8.588013988909243     
-7.578314095166575     
-6.446709680409727     
-5.242557145775945     
-3.984079721026312     
-2.685808708290188     
-1.361931545632949     
-0.02662376724098770   
1.306066902263211      
2.622271921303761      
3.908449204949969      
5.151466581296185      
6.338645587460325      
7.457942457870383      
8.497983671924386      
9.448189983818542      
10.29888735914603      
11.04140211067446      
11.66819183208238      
12.17292283495473      
12.55056114794154      
12.79745803759075      
12.91138249211254      
12.89155925456811      
12.73866138608817      
12.45478090006639      
12.04337426183194      
11.50918570004393      
10.85814973485253      
10.09727576542278      
9.234559733179257      
9.225505523972693      
