79.53818603978175      
82.81966189469817      
88.00762225564486      
93.46903251883036      
98.96675918070963      
104.4704799271276      
109.9728940414093      
115.4690206212861      
120.9540894072515      
126.4235947386265      
131.8735862668423      
137.3008372371978      
142.7029737554186      
148.0787013651323      
153.4278340823491      
158.7512732463476      
164.0511776854758      
169.3307409827948      
174.5941328872943      
179.8463177308430      
-174.9069519163607     
-169.6594467500528     
-164.4045547001718     
-159.1355111926375     
-153.8455631409178     
-148.5283145958630     
-143.1778037220708     
-137.7887698697544     
-132.3569068270575     
-126.8789931023341     
-121.3531816511491     
-115.7790240838650     
-110.1575800946218     
-104.4916607238817     
-98.78548953812341     
-93.04482226667095     
-87.27656250935591     
-81.48864644781132     
-75.68959242148642     
-69.88822682417437     
-64.09316975123600     
-58.31247617979684     
-52.55332855263259     
-46.82172595628364     
-41.12237680221340     
-37.65422985919740     
-33.97244071290871     
-28.61840183108019     
-23.06642998347531     
-17.52321913921303     
-12.00991251263299     
-6.525503679224848     
-1.065802101484795     
4.374072961094146      
9.799424058586141      
15.21551355478297      
20.62753550478746      
26.04036352436048      
31.45813527255308      
36.88445199475658      
42.32195477587322      
47.77229836245380      
53.23610294038016      
58.71283850665802      
64.20101734471697      
69.69813011038380      
75.20075012564010      
80.70490417163491      
86.20603686060160      
91.69939333201481      
97.18038498772621      
102.6446340142716      
108.0883514298232      
113.5085119490953      
118.9030549164928      
124.2710548396845      
129.6126204575553      
129.6655673093244      
