0.000000000000000      
59.99999988125637      
155.2807896514423      
256.1684864340350      
358.3722609328106      
461.3825611188076      
565.1137388194911      
669.5199650363065      
774.5517385541461      
880.1523875445127      
986.2593887723051      
1092.803975008428      
1199.710807192605      
1306.900603731629      
1414.289994025603      
1521.791436744388      
1629.318055033218      
1736.781478696503      
1844.093740812968      
1951.167308853474      
2057.919167715590      
2164.269037207123      
2270.142260345165      
2375.470073672477      
2480.191297677811      
2584.250458411407      
2687.601222074591      
2790.205910336226      
2892.035120318178      
2993.069304374512      
3093.296820670366      
3192.716141603887      
3291.335412813351      
3389.168584509753      
3486.240365810227      
3582.581645390019      
3678.232111665420      
3773.236952419393      
3867.648086627014      
3961.521756753791      
4054.919776925817      
4147.908438148443      
4240.557256364264      
4332.938784803264      
4425.126396131236      
4481.440999964252      
4541.440999845508      
4629.147239634767      
4720.734592387453      
4812.888517579995      
4905.293127265759      
4997.977142559830      
5091.006671532523      
5184.447255532723      
5278.362814011052      
5372.811127407476      
5467.846661014482      
5563.519350753631      
5659.870155528188      
5756.937142170500      
5854.750094830524      
5953.331600013189      
6052.697105356492      
6152.852975553833      
6253.799305530265      
6355.527172959410      
6458.018031623214      
6561.247274244670      
6665.179568273015      
6769.771533273160      
6874.974039872177      
6980.728515854571      
7086.970044113696      
7193.627304816619      
7300.623953389004      
7407.880502042826      
7515.311893529724      
7516.379964770749      
