0.1217429904760273     
2.757272469869732      
6.732727637139843      
10.86107780955188      
14.94916855311628      
15.95899348523679      
18.46445718616771      
22.17032434946746      
25.90767925805172      
29.48015721435630      
32.82600476761301      
35.89305533112002      
38.62465709801901      
40.95941709678213      
42.83433345600588      
44.18988636805022      
44.97711324031325      
45.16494211395985      
44.74564924630349      
43.73630306490206      
42.17561285452022      
40.11750131138219      
37.62355552471895      
34.75668651039747      
31.57657536184463      
28.13739680876328      
24.48694604076701      
20.66683980810762      
16.71327177124430      
12.65796983723128      
8.529095181143180      
4.352217748659410      
0.1513923342008285     
-4.050261272558938     
-8.229618350768556     
-12.36276274692504     
-16.42426126260056     
-20.38617203361284     
-24.21702444673192     
-27.88100598216321     
-31.33690057892738     
-34.53740684677136     
-37.42879423289554     
-39.95166511322221     
-42.04328609297199     
-43.64175435044966     
-44.69233077598303     
-45.15498129465882     
-45.01091864259931     
-44.26607200810157     
-42.94997255435367     
-41.11055522217036     
-38.80682054516808     
-36.10173934599916     
-33.05691157242869     
-29.72916678228392     
-26.16922245866649     
-22.42138293626330     
-18.52432905640478     
-14.51157120070397     
-10.41284674194669     
-6.254756524829594     
-2.061942488239950     
2.142175479844213      
6.334557232818011      
10.49174527587921      
14.58915235380186      
18.59993373296359      
22.49446196165363      
26.23904184133286      
29.79499733120907      
33.11784625862884      
36.15678465561797      
38.85481233182809      
41.15028463787787      
42.98023493125253      
44.28581100532329      
45.01937529175969      
45.15181131064567      
44.67766892241890      
43.61617864145095      
42.00775279526048      
39.90729732971148      
37.37679155946311      
34.47896772890984      
31.27310155383168      
27.81277656982079      
24.14525781357696      
20.31156367396529      
16.34745421632368      
12.28431047062104      
8.150051508064628      
3.970053809894508      
-0.2317788240033993    
-4.432366091778084     
-8.608525563853201     
-12.73625555921486     
-16.78990131265399     
-20.74121410682517     
-24.55843327023340     
-28.20525062462040     
-31.63990851006889     
-34.81454673067921     
-37.67487547987237     
-40.16108711043025     
-42.21026362084855     
-43.76089737245116     
-44.75929029198966     
-45.16707984075097     
-44.96766145196550     
-44.16922587625635     
-42.80325188957948     
-40.91897987692434     
-38.57604685954018     
-35.83752448568438     
-32.76463794064068     
-29.41369081001364     
-25.83486986812502     
-22.07196549686861     
-18.16300354496942     
-14.14122673314388     
-10.03598011140931     
-5.873715010011518     
-1.678930158988537     
2.525082799573275      
6.715224887073558      
10.86804873522495      
14.95870632306277      
18.96023898249366      
22.84258035007136      
26.57167425920836      
30.10833221752328      
33.40751574442024      
36.41776978140499      
39.08167659564095      
41.33730301984001      
43.12178193461600      
44.37695757558453      
45.05660893521703      
45.13360297624640      
44.60476863599725      
43.49148864697052      
41.83578959010801      
39.69350597779477      
37.12694145373448      
34.19863305656531      
30.96744650077349      
27.48638038512296      
23.80208507132550      
19.95512366952919      
15.98078172932022      
11.91001380861584      
7.770536768682123      
3.587634207352399      
-0.6149983468261209    
-4.814341172906517     
-8.987138782760063     
-13.10927296118667     
-17.15482588131604     
-21.09532689913385     
-24.89860335435794     
-28.52791376152764     
-31.94100150636275     
-35.08934666626221     
-37.91811499546849     
-40.36709546034334     
-42.37326909747228     
-43.87556034445510     
-44.82137969194490     
-45.17410464538052     
-44.91932322313134     
-44.06748368364363     
-42.65196663071346     
-40.72325483329990     
-38.34156743814868     
-35.57006007938349     
-32.46953726082805     
-29.09582713150402     
-25.49845749882901     
-21.72072238914976     
-17.80016375400865     
-13.76957513278813     
-9.658057939724310     
-5.491850483165404     
-1.295167536770699     
2.908540908804428      
7.096311896985750      
11.24449834590186      
15.32810195597155      
19.32002375261379      
23.18983378226526      
26.90304309079708      
30.41997522429697      
33.69499743126030      
36.67614385772298      
39.30539630245220      
41.52059590918460      
43.25905875015495      
44.46339516463762      
45.08883446879400      
45.11029165683568      
44.52687995556685      
43.36208260726456      
41.65950091402246      
39.47585950867614      
36.87371032363294      
33.91540539024074      
30.65930585200649      
27.15784625450781      
23.45710388388173      
19.59707843946090      
15.61271861495445      
11.53458611216579      
7.390135387693568      
3.204375796152675      
-0.9989219054156016    
-5.196754493240242     
-9.365933240974551     
-13.48215298541473     
-17.51936748973805     
-21.44874545541755     
-25.23771222122123     
-28.84912155051052     
-32.24009557906678     
-35.36162543180634     
-38.15829446297040     
-40.56947725373652     
-42.53214875241583     
-43.98564163003114     
-44.87853803341050     
-45.17603801087697     
-44.86596026126040     
-43.96099404755633     
-42.49633258428231     
-40.52371648964726     
-38.10387068857882     
-35.29984528100047     
-32.17215251655048     
-28.77607321542290     
-25.16056495585591     
-21.36833400024156     
-17.43643104119406     
-13.39733027115891     
-9.279767843435394     
-5.109801118603571     
-0.9115996638031013    
3.291575000813534      
7.476679764898154      
11.62003942836339      
15.69649795262256      
19.67861806001814      
23.53568459574844      
27.23272034704862      
30.72955787954099      
33.98003201031042      
36.93155123767932      
39.52563487195425      
41.69989777923542      
43.39186337868026      
44.54498257766006      
45.11599586725644      
45.08190870442699      
44.44412756005838      
43.22820006766493      
41.47924446646242      
39.25480684816608      
36.61763745059665      
33.62983924411431      
30.34929636313790      
26.82783565966136      
23.11100652563671      
19.23828943509566      
15.24414793961665      
11.15883767116477      
7.009595876221502      
2.821319263718237      
-1.382488407364524     
-5.578675247785879     
-9.743960534767508     
-13.85409362597697     
-17.88269656552271     
-21.80062583869747     
-25.57503044683416     
-29.16820368318306     
-32.53675158481781     
-35.63101067652526     
-38.39507942572437     
-40.76798458710913     
-42.68662180890543     
-44.09093334238964     
-44.93066561472391     
-45.17288087646435     
-44.80763445876902     
-43.84985741125058     
-42.33656179208688     
-40.32055467746003     
-37.86307713586908     
-35.02711185512073     
-31.87277995688009     
-28.45479808091755     
-24.82150622181438     
-21.01505781003714     
-17.07212855306268     
-13.02471812128001     
-8.901361946647317     
-4.727838532711272     
-0.5282536817201103    
3.674256688220284      
7.856575063203435      
11.99492902206990      
16.06400383153919      
20.03605809195316      
23.88007897344459      
27.56061543036336      
31.03699995000655      
34.26245744870020      
37.18384446411180      
39.74226168383208      
41.87509238379671      
43.52010801685982      
44.62166034795987      
45.13808099639144      
45.04848742869178      
44.35656443310267      
43.08990963995571      
41.29506143654760      
39.03033602960345      
36.35863873122393      
33.34182374556312      
30.03725878835910      
26.49622301065461      
22.76359790030962      
18.87844178467470      
14.87478492648368      
10.78257423068034      
6.628746850902304      
2.438055235090439      
-1.765938972689894     
-5.960244879668221     
-10.12159098342246     
-14.22540518028147     
-18.24516824841598     
-22.15141832912725     
-25.91092910299606     
-29.48549024052767     
-32.83118743086090     
-35.89772849009118     
-38.62871057202641     
-40.96277000399144     
-42.83688720328832     
-44.19155687641642     
-44.97781729717715     
-45.16464408144810     
-44.74435639392063     
-43.73409039264799     
-42.17255017288508     
-40.11366249290764     
-37.61906236028069     
-34.75162715879094     
-31.57106090892616     
-28.13151556754103     
-24.48073117043063     
-20.66039131957280     
-16.70664149023973     
-12.65117697350472     
-8.522202921817575     
-4.345343957083388     
-0.1445053424157563    
4.057100243191807      
8.236371964219842      
12.36941578707815      
16.43081541969221      
20.39254873307567      
24.22313569591223      
27.88678056505778      
31.34230192222796      
34.54234214935394      
37.43314988375739      
39.95536564821573      
42.04623811768777      
43.64382422861363      
44.69344208726594      
45.15510140348364      
45.01005092132460      
44.26425222738175      
42.94727331872723      
41.10705442030713      
38.80259238518413      
36.09692509147079      
33.05155896594698      
29.72338834515478      
26.16305628591195      
22.41494909284044      
18.51763118957531      
14.50469808560795      
10.40578581642438      
6.247605030108102      
2.054754784765171      
-2.149380139253353     
-6.341724104225074     
-10.49884313112459     
-14.59608682444809     
-18.60679934913851     
-22.50113896230291     
-26.24544847725435     
-29.80101002296582     
-33.12340047758268     
-36.16173223728927     
-38.85906493934819     
-41.15375078022376     
-42.98283321878050     
-44.28743891045269     
-45.01996445355732     
-45.15133824948082     
-44.67614970796041     
-43.61368087438196     
-42.00433532627059     
-39.90308511376274     
-37.37189916701782     
-34.47349244544227     
-31.26715861236141     
-27.80646182438315     
-24.13859417582137     
-20.30466665943541     
-16.34033477801399     
-12.27701476097227     
-8.142634873202574     
-3.962579029921013     
0.2392693504333201     
4.439788748692419      
8.615854494341859      
12.74345880593344      
16.79694397619391      
20.74805493479839      
24.56499507897582      
28.21146932017340      
31.64575785062847      
34.81989687438773      
37.67959621268476      
40.16507701588570      
42.21341300668615      
43.76306486727222      
44.76039699836564      
45.16707659155082      
44.96653893753441      
44.16702610499495      
42.80005053252698      
40.91487124012956      
38.57116256085735      
35.83197165507183      
32.75853280302819      
29.40715352550745      
25.82793616181979      
22.06475241110486      
18.15556904373949      
14.13360733848894      
10.02823827844976      
5.865859096169400      
1.671034717876139      
-2.532944280442690     
-6.723031175290970     
-10.87574729511858     
-14.96625052547870     
-18.96759587078682     
-22.84967254070865     
-26.57843217520195     
-30.11468074020136     
-33.41335758001053     
-36.42303759218600     
-39.08623625775123     
-41.34101852572086     
-43.12452336879100     
-44.37862961781724     
-45.05713350929939     
-45.13295439922266     
-44.60297221463892     
-43.48861218482313     
-41.83193376637395     
-39.68879356281937     
-37.12150077162368     
-34.19260976781336     
-30.96092678513949     
-27.47946337488406     
-23.79482848298164     
-19.94759232625469     
-15.97303542837686     
-11.90210441993646     
-7.762493832376737     
-3.579461053597619     
0.6231922176923880     
4.822453560588596      
8.995105493613268      
13.11705116330683      
17.16244692641109      
21.10266669121736      
24.90562163581200      
28.53454209429724      
31.94713120736822      
35.09490643369205      
37.92300871247470      
40.37119944137702      
42.37646503652891      
43.87774128740450      
44.82243027577669      
45.17398477067878      
44.91804279363863      
44.06509845406709      
42.64855301541247      
40.71893731657116      
38.33648486227002      
35.56426068294033      
32.46316418838605      
29.08899736067339      
25.49129363502617      
21.71326243667636      
17.79246470922718      
13.76175145362733      
9.650120628431331      
5.483852605779075      
1.287261991753180      
-2.916395589749166     
-7.104103921668803     
-11.25218428540306     
-15.33570296542799     
-19.32743090436858     
-23.19698716666987     
-26.90985954736122     
-30.42635992948257     
-33.70087019973563     
-36.68138096920094     
-39.30988815803810     
-41.52422071127511     
-43.26169099126020     
-44.46494919930693     
-45.08924907248552     
-45.10953842362211     
-44.52498620822062     
-43.35911395708399     
-41.65556064722415     
-39.47107912614879     
-36.86824400824040     
-33.90933478429073     
-30.65275621580137     
-27.15089861732077     
-23.44983040278125     
-19.58959212230888     
-15.60501981018130     
-11.52678655922196     
-7.382202170655281     
-3.196387356210687     
1.006912084359690      
5.204711337688782      
9.373790976123516      
13.48987693293433      
17.52684638378079      
21.45596629516378      
25.24463124027116      
28.85566723927176      
32.24620417953579      
35.36713962023621      
38.16308697578631      
40.57345754201169      
42.53520821467320      
43.98768153413207      
44.87947572832264      
45.17583071282261      
44.86461179573769      
43.95855224261896      
42.49289976537114      
40.51939407311305      
38.09879345791431      
35.29412941143650      
32.16592522988729      
28.76939237620195      
25.15352612181309      
21.36102987600500      
17.42893513090804      
13.38965883748984      
9.271986251607713      
5.101920034217929      
0.9037124323833595     
-3.299438218157246     
-7.484504060302130     
-11.62773268592755     
-15.70404774446175     
-19.68595153279429     
-23.54270576834207     
-27.23937387634843     
-30.73572810174580     
-33.98568392499548     
-36.93657377743664     
-39.52991699841473     
-41.70333474487276     
-43.39433612029984     
-44.54640558342965     
-45.11632009212197     
-45.08111809833781     
-44.44225452750688     
-43.22530837646213     
-41.47540959819185     
-39.25015363829114     
-36.61229213834326     
-33.62392575281759     
-30.34287796819635     
-26.82103004891118     
-23.10387724349549     
-19.23090592266526     
-15.23656060535461     
-11.15115274244668     
-7.001802992053316     
-2.813446290934405     
1.390360999103845      
5.586527295763329      
9.751784948112849      
13.86175779721576      
17.89012851534818      
21.80779777091000      
25.58186319815562      
29.17464068670607      
32.54273190872844      
35.63640629518272      
38.39978176455892      
40.77188043275621      
42.68960927695006      
44.09290027277235      
44.93154289774539      
45.17262434540411      
44.80625453072010      
43.84739940260474      
42.33308853741474      
40.31618348942759      
37.85794930894047      
35.02134164163411      
31.86645951770435      
28.44800474372113      
24.81433069751148      
21.00759842051428      
17.06446381357474      
13.01695535859376      
8.893482103054989      
4.719870508272300      
0.5202339138792264     
-3.682233710879893     
-7.864453174448039     
-12.00265314605098     
-16.07149581222504     
-20.04335962637500     
-23.88706046377476     
-27.56724264234202     
-31.04317417905840     
-34.26811699298745     
-37.18891543190004     
-39.74657089996296     
-41.87852241152007     
-43.52256169325521     
-44.62305004204266     
-45.13837124362941     
-45.04766451464369     
-44.35466063791725     
-43.08697903749763     
-41.29120693222731     
-39.02569306329070     
-36.35335431769511     
-33.33598168288655     
-30.03090667459498     
-26.48944442569375     
-22.75653451902371     
-18.87111977338778     
-14.86727032659823     
-10.77492114583537     
-6.621006020471010     
-2.430298639065751     
1.773715720037048      
5.967983607891566      
10.12923432100702      
14.23286300324781      
18.25236921735064      
22.15839244397028      
25.91757407454780      
29.49177871936280      
32.83702572652106      
35.90301847708583      
38.63329231075940      
40.96655092286090      
42.83976245267991      
44.19343676398279      
44.97863790390394      
45.16437177600228      
44.74300850910681      
43.73168964371791      
42.16922055064259      
40.10952631876409      
37.61420332439393      
34.74616824070873      
31.56508835353668      
28.12513663472325      
24.47405136967170      
20.65343226230158      
16.69945935617481      
12.64383396767042      
8.514746623358088      
4.337827195066486      
0.1370177138213576     
-4.064534243103680     
-8.243727939090356     
-12.37671290988075     
-16.43795601259962     
-20.39948463094214     
-24.22981396075364     
-27.89314108536541     
-31.34822922429353     
-34.54774989482863     
-37.43796163161909     
-39.95946653340895     
-42.04948690879566     
-43.64615077778006     
-44.69477355406811     
-45.15536897281310     
-45.00923087148090     
-44.26237132656507     
-42.94440480663326     
-41.10328895588316     
-38.79806021089437     
-36.09171386601233     
-33.04582792991332     
-29.71721546624635     
-26.15655793755474     
-22.40816485490241     
-18.51069648917711     
-14.49762846170013     
-10.39859297952032     
-6.240330134477638     
-2.047470781017525     
2.156620604578464      
6.348917878567637      
10.50596673659902      
14.60309686822847      
18.61354412810565      
22.50766200744517      
26.25167838985171      
29.80688712885321      
33.12883422257215      
36.16665647664259      
38.86336050277597      
41.15730846850120      
42.98553124367032      
44.28919557997613      
45.02072869986419      
45.15107379357366      
44.67486257505213      
43.61142020714294      
42.00120420484036      
39.89915667438959      
37.36727909618610      
34.46829619439723      
31.26146436955117      
27.80038319602748      
24.13218465281887      
20.29800379846973      
16.33351461428718      
12.27005451178525      
8.135560184608028      
3.955448056343122      
-0.2464481796498244    
-4.446987652638251     
-8.623073168015644     
-12.75060328199413     
-16.80395635095885     
-20.75483245515717     
-24.57151681402033     
-28.21769450918010     
-31.65155154922940     
-34.82519311678248     
-37.68430428419592     
-40.16908719803878     
-42.21660431703370     
-43.76534923346532     
-44.76168708359558     
-45.16732799504940     
-44.96574705374821     
-44.16522274096865     
-42.79730857595355     
-40.91129686235595     
-38.56686500501542     
-35.82704964588787     
-32.75304258465053     
-29.40124489847169     
-25.82170124080428     
-22.05820308850554     
-18.14878654190269     
-14.12663283857326     
-10.02111788053324     
-5.858677427843226     
-1.663832383986745     
2.540111197624875      
6.730198386128337      
10.88283265165338      
14.97324095077737      
18.97441848292953      
22.85627202840043      
26.58472479310274      
30.12060325279252      
33.41883191212155      
36.42795983558022      
39.09051088634577      
41.34454152871329      
43.12721726293792      
44.38038773602273      
45.05788859899798      
45.13267978894717      
44.60168335076915      
43.48634806547395      
41.82878640318094      
39.68486611277037      
37.11687499334769      
34.18740539348217      
30.95521345885614      
27.47336061912827      
23.78840987025528      
19.94090560834969      
15.96621231202080      
11.89519624476044      
7.755453253162981      
3.572398359553301      
-0.6302857983000345    
-4.829535288162791     
-9.002170168212965     
-13.12402662332559     
-17.16919771578010     
-21.10923707098128     
-24.91193903167250     
-28.54053152747183     
-31.95272963574069     
-35.09998787956368     
-37.92750564438381     
-40.37497287513902     
-42.37947616177707     
-43.87987716181942     
-44.82364043000213     
-45.17421310676670     
-44.91727417535501     
-44.06337196263959     
-42.64595429253522     
-40.71557073187866     
-38.33245098848596     
-35.55966669518521     
-32.45811263505836     
-29.08353392509120     
-25.48549655849242     
-21.70719154387743     
-17.78619182005845     
-13.75530975722276     
-9.643554063438152     
-5.477179056050455     
-1.280496884616856     
2.923188669094181      
7.110833450208042      
11.25882544965102      
15.34225733177764      
19.33385901697911      
23.20319774934655      
26.91577788778160      
30.43194301625981      
33.70601044345755      
36.68600096851765      
39.31392799630637      
41.52757325181293      
43.26425172745471      
44.46660561929120      
45.08994671858225      
45.10926550377762      
44.52376200152982      
43.35698832000244      
41.65263116263630      
39.46744367297146      
36.86397365470284      
33.90456857102139      
30.64751153067560      
27.14530078089894      
23.44393538245107      
19.58342324305069      
15.59866670379881      
11.52023546107741      
7.375522645497263      
3.189707425820258      
-1.013627675140016     
-5.211413370584995     
-9.380432555344425     
-13.49638173740262     
-17.53323759379033     
-21.46212493167179     
-25.25055505620728     
-28.86128207003520     
-32.25146924377125     
-35.37196455044584     
-38.16737470672166     
-40.57712917646996     
-42.53812463194259     
-43.98975451185764     
-44.88062416656474     
-45.17601885662096     
-44.86383148045966     
-43.95682501555692     
-42.49030853929905     
-40.51601541640319     
-38.09474093368240     
-35.28950777300841     
-32.16082946595542     
-28.76395024088020     
-25.14776243013501     
-21.35498941026017     
-17.42269850565140     
-13.38328071819643     
-9.265476359394661     
-5.095332807937929     
-0.8970667002999155    
3.306128697107939      
7.491162975663562      
11.63431877161486      
15.71053128426264      
19.69228142761655      
23.54890461189460      
27.24534091886331      
30.74139153201952      
33.99090110429025      
36.94128502718069      
39.53402653621291      
41.70672124043629      
43.39689455863580      
44.54804899188309      
45.11697634757351      
45.08076586638470      
44.44090591285718      
43.22301790437594      
41.47229322602725      
39.24631622122517      
36.60779049006504      
33.61885303438380      
30.33733810380790      
26.81511562664102      
23.09764519672560      
19.22443776516183      
15.22996369592519      
11.14442647686018      
6.995023710446223      
2.806665261497054      
-1.397151561928779     
-5.593318563365966     
-9.758485837056183     
-13.86837719514802     
-17.89661692084988     
-21.81414459222046     
-25.58796582761784     
-29.18040944531190     
-32.54812113093596     
-35.64137469827467     
-38.40419058190665     
-40.77561651807824     
-42.69257716371504     
-44.09497787061837     
-44.93265698885291     
-45.17273552858838     
-44.80536906128857     
-43.84556147160534     
-42.33037716288388     
-40.31271208498213     
-37.85377412490116     
-35.01656379240437     
-31.86119510539978     
-28.44237043908142     
-24.80836259924689     
-21.00137687549302     
-17.05801160691935     
-13.01027577642103     
-8.886639576567534     
-4.712939636577213     
-0.5133223223953890    
3.689119184036788      
7.871291108087055      
12.00943177783296      
