79.15997835695850      
81.53181808967886      
85.14682052319071      
89.00439492093628      
93.00028620409870      
94.02399371420739      
96.64283073692516      
100.7720536663068      
105.3499861105738      
110.2683595725496      
115.5619343320515      
121.2782549870340      
127.4552142399865      
134.1091711762818      
141.2233857371875      
148.7370230942896      
156.5408756511525      
164.4840578755807      
172.3937604336507      
-179.8974725462293     
-172.5262343141082     
-165.5834458824280     
-159.1119969321778     
-153.1146177304961     
-147.5651135067899     
-142.4198676468930     
-137.6264845692813     
-133.1296939572391     
-128.8747957609753     
-124.8092926256003     
-120.8832703685441     
-117.0492017421899     
-113.2614837036246     
-109.4753694172090     
-105.6461771325613     
-101.7283557297483     
-97.67454204837284     
-93.43500452076655     
-88.95746277908944     
-84.18730999999018     
-79.06925577099997     
-73.55048334736608     
-67.58647448813768     
-61.14955639645310     
-54.23980520743830     
-46.89692773423420     
-39.20839256412487     
-31.30778373152316     
-23.36109809759646     
-15.54172923084541     
-8.002922616374660     
-0.8573630593942432    
5.830742358006946      
12.04175848446033      
17.79014544263595      
23.11292427399979      
28.05939664375807      
32.68414094582644      
37.04224907733095      
41.18747843076341      
45.17084038802498      
49.04092016431699      
52.84409409066480      
56.62540840659306      
60.42944298718371      
64.30124136812726      
68.28729781029726      
72.43604902757322      
76.79873231249947      
81.42903384683548      
86.38219362401918      
91.71267136574227      
97.46968590190657      
103.6898299375733      
110.3870647006847      
117.5409397826407      
125.0863189772985      
132.9096600346802      
140.8570715711223      
148.7551038549682      
156.4381797823191      
163.7733593916478      
170.6743062969926      
177.1021001971292      
-176.9427570480767     
-171.4321053684474     
-166.3211676023663     
-161.5571556565949     
-157.0846513866875     
-152.8491347688156     
-148.7983586374805     
-144.8826727112574     
-141.0547349160563     
-137.2690284793443     
-133.4808463526087     
-129.6454820610015     
-125.7172348153575     
-121.6485758119112     
-117.3895730640915     
-112.8876350555381     
-108.0880529890107     
-102.9356220355995     
-97.37797161017285     
-91.37170715299089     
-84.89114743624270     
-77.93965448746839     
-70.56098726556841     
-62.84694434878102     
-54.93494905346767     
-46.99289184711689     
-39.19322934145226     
-31.68632573065230     
-24.58048429096256     
-17.93558482670691     
-11.76775572123036     
-6.059895530405988     
-0.7735000285449886    
4.141377246849746      
8.739492584066005      
13.07606215012108      
17.20447468983347      
21.17558341670070      
25.03768320038041      
28.83699597189624      
32.61854234751100      
36.42685713422268      
40.30715327245449      
44.30599018502168      
48.47214786996734      
52.85698970680836      
57.51445754841186      
62.49982774766398      
67.86731410033269      
73.66520013313699      
79.92862047182143      
86.66892197127773      
93.86192082112554      
101.4380068364477      
109.2795355760186      
117.2297110126837      
125.1146954108299      
132.7708652649574      
140.0692813269578      
146.9280868936669      
153.3122945718107      
159.2254798878292      
164.6976640405792      
169.7747089408912      
174.5098678087514      
178.9585045429463      
-176.8249799796830     
-172.7885046249758     
-168.8827204124267     
-165.0605508146721     
-161.2764976302140     
-157.4858611532220     
-153.6439090077536     
-149.7048034391043     
-145.6208786492529     
-141.3419027279911     
-136.8150975432107     
-131.9855874511703     
-126.7981924718049     
-121.2011676051319     
-115.1523114355698     
-108.6280840389798     
-101.6351329833673     
-94.22139575871009     
-86.48300638590491     
-78.56104068096359     
-70.62485551260868     
-62.84616472444749     
-55.37207060442950     
-48.30644963330057     
-41.70490320181109     
-35.58018655355829     
-29.91259649587441     
-24.66231478414058     
-19.77861115862651     
-15.20663434680992     
-10.89125279326568     
-6.779235833747214     
-2.820036699867571     
1.034425292214124      
4.830354135171528      
8.612499164122580      
12.42554205740440      
16.31468673939214      
20.32666604799054      
24.51058302974276      
28.91801153710733      
33.60307099500979      
38.62109176053899      
44.02595150173377      
49.86520883501895      
56.17211353137817      
62.95531876830452      
70.18689971935946      
77.79281651778777      
85.65119994143686      
93.60270055236120      
101.4732203536534      
109.1014737652739      
116.3624493612451      
123.1787435165373      
129.5193376146454      
135.3906917615695      
140.8247513537508      
145.8683276701405      
150.5750419892986      
155.0003165490653      
159.1982666369807      
163.2207916499769      
167.1170144675953      
170.9339198503586      
174.7167406289816      
178.5101467957004      
-177.6409655502779     
-173.6906774251272     
-169.5910432156046     
-165.2916570903344     
-160.7395468509965     
-155.8796408598102     
-150.6569954712290     
-145.0202968733549     
-138.9286617253694     
-132.3608523940099     
-125.3266907618656     
-117.8785684799254     
-110.1170229531079     
-102.1865603296750     
-94.25789295288955     
-86.50151622656381     
-79.06104196360153     
-72.03625074961234     
-65.47833390128001     
-59.39645393028787     
-53.76879513744143     
-48.55417047519679     
-43.70124579388422     
-39.15496719489055     
-34.86030153324408     
-30.76431218166262     
-26.81662324168490     
-22.96939327563560     
-19.17663928011148     
-15.39355728955410     
-11.57550444585496     
-7.677116544884395     
-3.651468544678229     
0.5506890750944129     
4.981229326681297      
9.694386499334271      
14.74551872637276      
20.18822785758794      
26.06907127564780      
32.41954459978162      
39.24547071818802      
46.51502798451234      
54.14976283574125      
62.02363914600323      
69.97499064959287      
77.82961201889987      
85.42883344228281      
92.65165752592718      
99.42514149053747      
105.7221447341014      
111.5519653945185      
116.9482873144497      
121.9588700655016      
126.6375993704585      
131.0398983804458      
135.2197587204870      
139.2287992920173      
143.1158853711339      
146.9277799857190      
150.7097755397417      
154.5063751814515      
158.3625067084528      
162.3244067040214      
166.4401179995831      
170.7602658747063      
175.3381685873783      
-179.7710881266162     
-174.5126654397072     
-168.8359918409163     
-162.7014596499749     
-156.0901103336776     
-149.0154045937134     
-141.5337374630568     
-133.7502030005832     
-125.8124470490133     
-117.8926553927084     
-110.1597826517145     
-102.7539871184822     
-95.77033149845337     
-89.25602979407704     
-83.21689014664931     
-77.62887085823972     
-72.44949777806522     
-67.62683814220979     
-63.10572563312878     
-58.83135867098665     
-54.75091932076309     
-50.81436123350462     
-46.97397270610954     
-43.18396409579864     
-39.39951922711272     
-35.57601184990902     
-31.66796531732532     
-27.62825362305772     
-23.40744022327112     
-18.95336004488515     
-14.21164766885235     
-9.126935426942330     
-3.646061314601130     
2.276556680699673      
8.670649793013450      
15.53904990200085      
22.84592927920053      
30.50836065431839      
38.39637875110018      
46.34610428977838      
54.18361786408892      
61.75277301864231      
68.93692123398563      
75.66746211991436      
81.92103337212727      
87.70962054411305      
93.06862241636861      
98.04659802596102      
102.6978542809027      
107.0776643229925      
111.2398466598265      
115.2357594637386      
119.1141002108555      
122.9214458508436      
126.7028687525740      
130.5029972343572      
134.3669016206821      
138.3408037156493      
142.4730320349781      
146.8144408810559      
151.4185867171881      
156.3406200149836      
161.6352452897385      
167.3522881757198      
173.5299789397081      
-179.8152861004170     
-172.7003411318160     
-165.1860495932695     
-157.3818203803197     
-149.4385082156253     
-141.5290263110524     
-133.8208781672884     
-126.4503076894639     
-119.5082128699857     
-113.0375550140671     
-107.0409141270283     
-101.4921206716937     
-96.34750645732572     
-91.55461124972391     
-87.05826485100698     
-82.80371638334890     
-78.73844874630619     
-74.81260168319409     
-70.97870145446736     
-67.19101250172194     
-63.40487535682148     
-59.57558638774384     
-55.65757002195607     
-51.60343559846639     
-47.36351982940256     
-42.88554799962303     
-38.11488916402038     
-32.99619069130498     
-27.47670409741945     
-21.51196266793917     
-15.07423130227561     
-8.163642837121811     
-0.8201634540412180    
6.868733981019376      
14.76947677595589      
22.71598039036509      
30.53497999586068      
38.07318340134162      
45.21805896475892      
51.90547693664187      
58.11569585906182      
63.86342728392162      
69.18556938770797      
74.13154127656206      
78.75580297077411      
83.11358092749222      
87.25852376681611      
91.24173801954208      
95.11169552618659      
98.91481208374690      
102.6961637516527      
106.5002991916129      
110.3722870549775      
114.3585665106512      
118.5077762253671      
122.8709543840169      
127.5018362236105      
132.4556118805274      
137.7868275174248      
143.5445537391747      
149.7654578423576      
156.4634642523752      
163.6181136213871      
171.1640747522430      
178.9877211371725      
-173.0648291576762     
-165.1670581103417     
-157.4845670984423     
-150.1500112997689     
-143.2498889187107     
-136.8229477161860     
-130.8686000639884     
-125.3587022838715     
-120.2484345324448     
-115.4849234459338     
-111.0128853501930     
-106.7776891289766     
-102.7271425982834     
-98.81161202088873     
-94.98376637016857     
-91.19807292476492     
-87.40986290180122     
-83.57437704011822     
-79.64591554176505     
-75.57694378533741     
-71.31752343076300     
-66.81508961759363     
-62.01490608193890     
-56.86168827045631     
-51.30320280621260     
-45.29607976116392     
-38.81460416794556     
-31.86218972503972     
-24.48284470481374     
-16.76832039224231     
-8.856145653961470     
-0.9141289406059254    
6.885083467209066      
14.39132649012482      
21.49638523066084      
28.14038452417482      
34.30734864244933      
40.01438828889412      
45.30002067073077      
50.21430999112096      
54.81188532405056      
59.14802815846541      
63.27613319196522      
67.24701472119492      
71.10901040502706      
74.90827546520909      
78.68983063079260      
82.49825810810306      
86.37874592323077      
90.37786523588352      
94.54442094041038      
98.92974287803459      
103.5877933372089      
108.5738565264751      
113.9421252320820      
119.7409493946841      
126.0053360097759      
132.7465700736323      
139.9403729712296      
147.5171162540637      
155.3589789386411      
163.3091887309190      
171.1938143824382      
178.8493686873961      
-173.8530258008596     
-166.9951434821343     
-160.6118835151028     
-154.6996465422291     
-149.2282763187970     
-144.1519465215897     
-139.4173610883766     
-134.9691863292306     
-130.7530303436307     
-126.7168159789769     
-122.8111830100873     
-118.9890387575432     
-115.2049835194180     
-111.4143101466895     
-107.5722522422029     
-103.6329501929856     
-99.54865455836551     
-95.26927930526460     
-90.74194791060287     
-85.91180027204069     
-80.72370373966400     
-75.12585042478163     
-69.07607209853428     
-62.55090870335783     
-55.55705393488913     
-48.14249334904175     
-40.40367191498591     
-32.48161473940871     
-24.54565082806538     
-16.76749606947478     
-9.294096884189704     
-2.229372473338254     
4.371193391832412      
10.49511371792945      
16.16188729575347      
21.41141634190745      
26.29443109137985      
30.86588178246106      
35.18085188252973      
39.29250055594998      
43.25146942577466      
47.10578622673662      
50.90155964547687      
54.68371061256492      
58.49687174956986      
62.38622240455326      
66.39856814645115      
70.58289698324231      
74.99084317626445      
79.67651341072752      
84.69523253563122      
90.10091027283941      
95.94103194054721      
102.2488516540318      
109.0329476315805      
116.2652670918616      
123.8717618856433      
131.7304963105568      
139.6820382938956      
147.5521816824171      
155.1798288086238      
162.4399920650701      
169.2553428923844      
175.5949250776183      
-178.5345911346583     
-173.1013490060215     
-168.0584644883775     
-163.3523223158703     
-158.9275611908251     
-154.7299542979054     
-150.7077343623203     
-146.8116470717267     
-142.9948219709019     
-139.2120051233321     
-135.4185103324177     
-131.5694670846813     
-127.6189224378941     
-123.5190003960005     
-119.2191869485139     
-114.6665228013335     
-109.8059505263731     
-104.5824938046037     
-98.94498738240303     
-92.85253886173757     
-86.28386614143139     
-79.24888977759068     
-71.80007531125410     
-64.03808322343448     
-56.10745166007951     
-48.17900770073157     
-40.42311312519060     
-32.98342247657040     
-25.95949138407157     
-19.40251790620444     
-13.32154254963406     
-7.694743890642487     
-2.480817398149196     
2.371494463067310      
6.917243668763314      
11.21147581681061      
15.30717175468736      
19.25464358637549      
23.10177648782503      
26.89447270899580      
30.67759213797526      
34.49579277477578      
38.39437187348478      
42.42033656070599      
46.62288806087232      
51.05388039445501      
55.76760333400958      
60.81934151264830      
66.26282454407607      
72.14449495264107      
78.49582183318135      
85.32259944021344      
92.59285587802978      
100.2280845195051      
108.1022408414130      
116.0535117113445      
123.9077597174328      
131.5063943493904      
138.7285247516114      
145.5011578914407      
151.7972739649926      
157.6262345800048      
163.0218430340403      
168.0317627439568      
172.7099515270524      
177.1118088432776      
-178.7086660035983     
-174.6999198991762     
-170.8129828616155     
-167.0011379582797     
-163.2191427262141     
-159.4224391079743     
-155.5660822682938     
-151.6039473321371     
-147.4879318999088     
-143.1673548914825     
-138.5889415432068     
-133.6975656183631     
-128.4383717753415     
-122.7608903252447     
-116.6255015141275     
-110.0132938937373     
-102.9377557368396     
-95.45545164373895     
-87.67145796310442     
-79.73364760492466     
-71.81405956063230     
-64.08165113903638     
-56.67646540833876     
-49.69363011203577     
-43.18026053969660     
-37.14201272033304     
-31.55478584728071     
-26.37608893304483     
-21.55401825433243     
-17.03342129958056     
-12.75948032162786     
-8.679415666895949     
-4.743067895561822     
-0.9027857787807217    
2.887208332718861      
6.671677415255078      
10.49528263557323      
14.40350376916401      
18.44344751958677      
22.66468406602808      
27.11920985214352      
31.86150881734575      
36.94687942943960      
42.42854945904581      
48.35210696481717      
54.74704584710212      
61.61623125138346      
68.92379169245929      
76.58664081572971      
84.47493184281700      
92.42454938739438      
100.2616954182115      
107.8303120040518      
115.0136941730625      
121.7433214751814      
127.9959265210755      
133.7836736750673      
139.1419999358996      
144.1193862636612      
148.7700668882478      
153.1494519697640      
157.3112961969647      
161.3069602132500      
165.1851363264053      
168.9923766070309      
172.7738191079453      
176.5740355515124      
-179.5619004936623     
-175.5877954161512     
-171.4553011400293     
-167.1134431502757     
-162.5087944993520     
-157.5860968208977     
-152.2907148272993     
-146.5728246611211     
-140.3943496987545     
-133.7388049310327     
-126.6231249005778     
-119.1082455177235     
-111.3036257896177     
-103.3603216865399     
-95.45108030940770     
-87.74326057216810     
-80.37348509674808     
-73.43230587000487     
-66.96249207789560     
-60.96669710901152     
-55.41865274375169     
-50.27472541303329     
-45.48244849252045     
-40.98656011165361     
-36.73237278716842     
-32.66738641684389     
-28.74173456175394     
-24.90795506637542     
-21.12034928779368     
-17.33420143787090     
-13.50480756261692     
-9.586545018796034     
-5.532125669308409     
-1.291830121092448     
3.186624855793581      
7.957878551533185      
13.07721714278732      
18.59742844929564      
24.56300323182120      
31.00158512932389      
37.91287960845941      
45.25704823511617      
52.94655059909735      
60.84764169120464      
68.79408865213274      
76.61275479254719      
84.15034242448441      
91.29446648757526      
97.98099970682998      
104.1903983565058      
109.9372583649654      
115.2586565753615      
120.2039439890974      
124.8276724983454      
129.1849392168527      
133.3295153377210      
137.3124890120068      
141.1822910689907      
144.9853028084706      
148.7666157627692      
152.5708219542724      
156.4429751037892      
160.4295026468571      
164.5789366196335      
168.9425257673066      
173.5738989233675      
178.5282734089471      
-176.1398379516421     
-170.3813146230997     
-164.1595951363275     
-157.4607773946821     
-150.3054592170465     
-142.7589801183605     
-134.9349363568512     
-126.9874327577644     
-119.0898242841923     
-111.4077978224194     
-104.0739878174822     
-97.17460277505636     
-90.74844396730008     
-84.79488310354319     
-79.28567923230948     
-74.17606687368699     
-69.41308815287897     
-64.94150488003908     
-60.70671229941750     
-56.65644577540429     
-52.74109482894495     
-48.91336617137525     
-45.12768541897000     
-41.33940196184342     
-37.50372718523876     
-33.57504101349881     
-29.50576888478214     
-25.24601334908066     
-20.74311120272613     
-15.94232493226494     
-10.78848939388325     
-5.229271164366160     
0.7786644503062530     
7.260973629608944      
14.21414284874444      
21.59417384649331      
29.30914455351039      
37.22153183507290      
45.16339128959556      
52.96224961054401      
60.46788393510036      
67.57215388113937      
74.21531052028843      
80.38146324277002      
86.08781752903568      
91.37273444726974      
96.28639088884589      
100.8835026606876      
105.2192465506103      
109.3470524597533      
113.3177188029513      
117.1795411495243      
120.9787118110405      
124.7602340231150      
128.5687728066116      
132.4494128688508      
136.4487965207514      
140.6156798314561      
145.0014200203678      
149.6599560969475      
154.6466070559660      
160.0155564424535      
165.8151090640004      
172.0802688336339      
178.8222614200268      
-173.9831539144516     
-166.4058350352678     
-158.5636587349060     
-150.6133478811464     
-142.7290002903544     
-135.0738703917230     
-127.7769486746211     
-120.9198560508697     
-114.5373543447680     
-108.6258944658281     
-103.1551978529880     
-98.07951588528856     
-93.34548186914652     
-88.89774480366319     
-84.68201461182376     
-80.64613333860918     
-76.74066178184029     
-72.91866533618209     
-69.13463841535375     
-65.34392206163734     
-61.50171281611712     
-57.56220713733754     
-53.47771748443828     
-49.19796696582663     
-44.67018547447554     
-39.83950749647811     
-34.65077248762372     
-29.05227453180479     
-23.00175549738737     
-16.47595669327110     
-9.481346178358105     
-2.066236595831230     
5.673095743843707      
13.59541775094217      
21.53131625063065      
29.30906751502335      
36.78179901851573      
43.84572471190230      
50.44547299115892      
56.56858691613103      
62.23460298968406      
67.48351656217966      
72.36598981096725      
76.93698952936406      
81.25157552787735      
85.36293876339570      
89.32169898073462      
93.17590113989452      
96.97165103389236      
100.7538256027090      
104.5670331652572      
108.4565155963236      
112.4691118341577      
116.6537829448184      
121.0621169229571      
125.7482430064536      
130.7675396525698      
136.1738297932067      
142.0146402443775      
148.3232717363866      
155.1081828116506      
162.3412641382161      
169.9482461446509      
177.8072064220601      
-174.2413100296487     
-166.3714096293302     
-158.7442285639678     
-151.4847702966937     
-144.6701929989833     
-138.3313273172648     
-132.4616215137406     
-127.0289714009159     
-121.9866823006623     
-117.2810333101010     
-112.8566415343845     
-108.6593660142879     
-104.6373407003263     
-100.7414027335939     
-96.92473545140562     
-93.14193883499389     
-89.34840454588486     
-85.49925826847954     
-81.54857250021733     
-77.44836695727875     
-73.14826494941892     
-68.59517115554053     
-63.73409716105359     
-58.51000505894553     
-52.87179049685208     
-46.77857924713935     
-40.20905180935414     
-33.17335584598152     
-25.72391114964901     
-17.96154243287837     
-10.03074306594774     
-2.102356604734223     
5.653254147751318      
13.09233466322437      
20.11558547682065      
26.67178088676340      
32.75198210388308      
38.37805939974601      
43.59127940363670      
48.44304804087793      
52.98836169682961      
57.28221291089933      
61.37760419413424      
65.32488118696322      
69.17187796422390      
72.96452573293428      
76.74768739862431      
80.56596622455994      
84.46469429407884      
88.49089640227285      
92.69376208229110      
97.12524510340685      
101.8395154013246      
106.8919048091236      
112.3360344655956      
118.2184791559279      
124.5706453651874      
131.3982236771891      
138.6692007031280      
146.3050210374278      
154.1794310188658      
162.1308011017317      
169.9848106188953      
177.5829498408383      
-175.1957046656188     
-168.4239095858886     
-162.1285210779064     
-156.3002623869959     
-150.9053243853973     
-145.8960121917610     
-141.2183246162069     
-136.8169032223376     
-132.6377799003912     
-128.6293000979602     
-124.7425813270081     
-120.9308884451758     
-117.1489310221226     
-113.3521674584986     
-109.4957261461648     
-105.5333848101023     
-101.4170869676728     
-97.09609652019191     
-92.51722775260502     
-87.62533854633422     
-82.36550131174889     
-76.68720381428778     
-70.55100192406606     
-63.93797588234345     
-56.86160777028980     
-49.37868678705562     
-41.59428221751806     
-33.65640649057173     
-25.73696997888911     
-18.00499379151198     
-10.60045112804544     
-3.618423736625834     
2.894232126487992      
8.931756282096512      
14.51826392598277      
19.69627408207154      
24.51780368815341      
29.03792868842080      
33.31152109040419      
37.39136209006401      
41.32754052940189      
45.16769682595717      
48.95757783461842      
52.74203537818364      
56.56571750210674      
60.47411781260877      
