0.000000000000000      
59.99999988125637      
150.8039345964789      
245.9341735462658      
341.5633304044604      
365.4845695942640      
425.4845694755204      
516.3553587743081      
611.4919199841097      
707.1217755787075      
802.8072795714252      
898.4995251288638      
994.1932847723365      
1089.885711378884      
1185.578076378442      
1281.270043132827      
1376.962275488768      
1472.654473583680      
1568.346977513283      
1664.039520104416      
1759.732403419912      
1855.424474528991      
1951.117194083054      
2046.809426124673      
2142.502187797800      
2238.194846059196      
2333.887386135757      
2429.580093745608      
2525.272827758454      
2620.964816829655      
2716.656763467472      
2812.350174528547      
2908.043123851530      
3003.736082289834      
3099.428743065801      
3195.120351179503      
3290.812136256136      
3386.504909873474      
3482.197210437153      
3577.889491512906      
3673.581496614497      
3769.274169020355      
3864.966970926616      
3960.658797493670      
4056.351180095226      
4152.044688910246      
4247.737309767399      
4343.430068297312      
4439.122726558708      
4534.815400221851      
4630.508028308395      
4726.200032152701      
4821.892008651048      
4917.584530811291      
5013.276335690171      
5108.968466834631      
5204.660587606486      
5300.354137911927      
5396.045817062259      
5491.738230467308      
5587.429564807098      
5683.121732412837      
5778.814236971084      
5874.507005244959      
5970.199704996776      
6065.891753160395      
6161.584663507529      
6257.275741675403      
6352.967316156719      
6448.659518652130      
6544.351818901487      
6640.044165356085      
6735.737433400936      
6831.430859235115      
6927.123871108051      
7022.816397354472      
7118.509014754090      
7214.201628696173      
7309.893784357700      
7405.586410558317      
7501.279414258897      
7596.971853752621      
7692.664248298388      
7788.356398616452      
7884.048768016510      
7979.741292691324      
8075.434111256618      
8171.125845727511      
8266.818547993898      
8362.511592556257      
8458.203878975473      
8553.895444970112      
8649.587951728608      
8745.280414167792      
8840.973377635237      
8936.666065128520      
9032.358316972386      
9128.050629165955      
9223.742984107230      
9319.435653369874      
9415.128025598824      
9510.819525900297      
9606.511655473150      
9702.204006328247      
9797.896366612986      
9893.588158604689      
9989.280762802809      
10084.97367660748      
10180.66643293714      
10276.35792915244      
10372.05067290924      
10467.74285748834      
10563.43514013570      
10659.12779305363      
10754.81998391915      
10850.51230177050      
10946.20564210927      
11041.89817558508      
11137.59035482071      
11233.28307783231      
11328.97559056291      
11424.66803257121      
11520.36055881763      
11616.05267707491      
11711.74567071721      
11807.43795619346      
11903.13095140737      
11998.82369547850      
12094.51633425197      
12190.20841856254      
12285.90130564990      
12381.59411541419      
12477.28704493493      
12572.97875771765      
12668.67112900363      
12764.36388533330      
12860.05650933366      
12955.74865367962      
13051.44156685565      
13147.13366499636      
13242.82664763741      
13338.51887747878      
13434.21103848377      
13529.90400352282      
13625.59645716101      
13721.28965542652      
13816.98218104430      
13912.67473526532      
14008.36690004217      
14104.05894160504      
14199.75110386731      
14295.44402332976      
14391.13625128521      
14486.82746492559      
14582.51910352847      
14678.21241872152      
14773.90597342746      
14869.59967240691      
14965.29247682774      
15060.98576781806      
15156.67881520931      
15252.37166897859      
15348.06494330987      
15443.75811925856      
15539.45110912900      
15635.14393618098      
15730.83552857861      
15826.52728568064      
15922.22005018266      
16017.91265375214      
16113.60565242358      
16209.29882617202      
16304.99119714368      
16400.68453433923      
16496.37863282114      
16592.07047290402      
16687.76330278488      
16783.45617761370      
16879.14934633300      
16974.84165255446      
17070.53409739165      
17166.22726422502      
17261.91985836485      
17357.61195776286      
17453.30641205655      
17548.99947862141      
17644.69293180155      
17740.38554542931      
17836.07653212966      
17931.76839672960      
18027.45989671675      
18123.15206840867      
18218.84448935743      
18314.53666450689      
18410.22950853221      
18505.92169153970      
18601.61392861046      
18697.30653846636      
18792.99916498130      
18888.69197065942      
18984.38435986172      
19080.07745974464      
19175.77028365340      
19271.46293625701      
19367.15614300920      
19462.84887230722      
19558.54168898659      
19654.23430575756      
19749.92699262220      
19845.61924635200      
19941.31243487354      
20037.00439659879      
20132.69700048259      
20228.38894994929      
20324.08221453661      
20419.77432053536      
20515.46640044544      
20611.15968106315      
20706.85264233034      
20802.54602824571      
20898.23956440669      
20993.93190048868      
21089.62467316305      
21185.31638468849      
21281.00917747943      
21376.70219469583      
21472.39464801969      
21568.08779630810      
21663.77996705705      
21759.47234368650      
21855.16421803040      
21950.85641423939      
22046.54882921604      
22142.24229496904      
22237.93478632579      
22333.62771301763      
22429.32079466991      
22525.01414255239      
22620.70710256230      
22716.39960680623      
22812.09154370008      
22907.78426765464      
23003.47676184028      
23099.16939809918      
23194.86155501800      
23290.55414098548      
23386.24643777730      
23481.93876725854      
23577.63133153785      
23673.32361607114      
23769.01608102489      
23864.70876191743      
23960.40121021215      
24056.09348908765      
24151.78626710549      
24247.47911144514      
24343.17123944638      
24438.86360884644      
24534.55634380225      
24630.24958858732      
24725.94208277296      
24821.63475109264      
24917.32707428746      
25013.01962505095      
25108.71176845394      
25204.40433021868      
25300.09643370286      
25395.78889739932      
25491.48108229274      
25587.17399955494      
25682.86591570359      
25778.55845452286      
25874.25086698495      
25969.94425290031      
26065.63660909887      
26161.32871069713      
26257.02214501798      
26352.71429942222      
26448.40557907009      
26544.09874464618      
26639.79177286383      
26735.48396278638      
26831.17669019848      
26926.86953453813      
27022.56194322836      
27118.25402345276      
27213.94649437862      
27309.63949147845      
27405.33143591601      
27501.02444244549      
27596.71728144167      
27692.41138086654      
27788.10373360757      
27883.79553502891      
27979.48695706436      
28075.17984603764      
28170.87247601012      
28266.56495762290      
28362.25732513703      
28457.94929314870      
28553.64160219906      
28649.33424820192      
28745.02631333889      
28840.71917779511      
28936.41116215149      
29032.10342719685      
29127.79550427804      
29223.48842436913      
29319.18136677705      
29414.87455026945      
29510.56785446126      
29606.26064725220      
29701.95413217880      
29797.64694005717      
29893.33963100798      
29989.03187750839      
30084.72372293472      
30180.41605870239      
30276.10900708241      
30371.80206767516      
30467.49529077206      
30563.18772649392      
30658.88060383731      
30754.57364839967      
30850.26555511868      
30945.95812882762      
31041.65114950156      
31137.34371000901      
31233.03602723172      
31328.72807665262      
31424.41994785331      
31520.11252156226      
31615.80522382865      
31711.49772021454      
31807.19067991013      
31902.88349250332      
31998.57658044202      
32094.26834383048      
32189.95962284971      
32285.65250742249      
32381.34558404563      
32477.03861477785      
32572.73057587445      
32668.42333974782      
32764.11597474944      
32859.80892407242      
32955.50110613694      
33051.19427297032      
33146.88683159184      
33242.57952662883      
33338.27260702383      
33433.96517507499      
33529.65803355910      
33625.35045136465      
33721.04109702632      
33816.73372731311      
33912.42664017482      
34008.11931163771      
34103.81194129586      
34199.50454015052      
34295.19693941111      
34390.89027283480      
34486.58281479729      
34582.27548405994      
34677.96810648870      
34773.66022726055      
34869.35205099871      
34965.04502703901      
35060.73747847695      
35156.42965016887      
35252.12134157773      
35347.81429278664      
35443.50756240310      
35539.19956499012      
35634.89131203387      
35730.58375247056      
35826.27663484309      
35921.96898318361      
36017.66125702998      
36113.35480670677      
36209.04773874208      
36304.73920855438      
36400.43118788162      
36496.12270892831      
36591.81524303276      
36687.50749141909      
36783.19988093572      
36878.89315746725      
36974.58537787898      
37070.27844161494      
37165.97096974729      
37261.66449019220      
37357.35801880946      
37453.05103193969      
37548.74385364819      
37644.43696044618      
37740.12961650733      
37835.82229331369      
37931.51569494512      
38027.20869015902      
38122.90127266897      
38218.59355468769      
38314.28743785946      
38409.98038246762      
38505.67360116402      
38601.36564995628      
38697.05831041792      
38792.75021933718      
38888.44254598953      
38984.13486572681      
39079.82782667968      
39175.52045508055      
39271.21266197646      
39366.90475885989      
39462.59737468790      
39558.28960044309      
39653.98318658117      
39749.67547268607      
39845.36745232763      
39941.06003295165      
40036.75227756612      
40132.44464790914      
40228.13735269010      
40323.82975037908      
40419.52363512246      
40515.21684941836      
40610.90911540668      
40706.60186639288      
40802.29455168592      
40897.98676738283      
40993.67906417465      
41089.37119689072      
41185.06369296229      
41280.75653698761      
41376.44930620445      
41472.14193366235      
41567.83527494408      
41663.52837356972      
41759.22097116709      
41854.91409116657      
41950.60722719645      
42046.29958088044      
42141.99252863182      
42237.68517337739      
42333.37779140566      
42429.07037643017      
42524.76275180234      
42620.45563134598      
42716.14813307533      
42811.84055308113      
42907.53287407570      
43003.22563732043      
43098.91899148934      
43194.61088123498      
43290.30352000846      
43385.99644670030      
43481.68903046753      
43577.38257951569      
43673.07502026670      
43768.76764709596      
43864.46007275954      
43960.15304188477      
44055.84580450086      
44151.53896127595      
44247.23117100075      
44342.92418098776      
44438.61724912422      
44534.31029180065      
44630.00334202079      
44725.69664464099      
44821.38994191773      
44917.08259546431      
45012.77526126942      
45108.46806631889      
45204.16041151620      
45299.85291135963      
45395.54497209610      
45491.23700014316      
45586.92968889372      
45682.62175968848      
45778.31380596617      
45874.00598142995      
45969.69811477466      
46065.39052597946      
46161.08295572922      
46256.77554452559      
46352.46895087184      
46448.16212336300      
46543.85525153484      
46639.54732421553      
46735.23976402357      
46830.93200769508      
46926.62448585033      
47022.31802012539      
47118.01045773318      
47213.70324989548      
47309.39601816935      
47405.08855950320      
47500.78174110968      
47596.47522949381      
47692.16847899370      
47787.86074749660      
47883.55391150108      
47979.24610550981      
48074.93780069053      
48170.63019177876      
48266.32267810637      
48362.01534831198      
48457.70824137144      
48553.40140317567      
48649.09488338744      
48744.78812848683      
48840.48092599260      
48936.17315111915      
49031.86556200963      
49127.55833625561      
49223.25050354702      
49318.94308699993      
49414.63505375432      
49510.32692086883      
49606.01933930302      
49701.71286572004      
49797.40559878992      
49893.09836643515      
49988.79077229649      
50084.48289306834      
50180.17541239969      
50275.86784717860      
50371.56044006115      
50467.25317030214      
50562.94543063268      
50658.63768907730      
50754.32967123343      
50850.02214718843      
50945.71542937774      
51041.40852486016      
51137.10126295919      
51232.79429777758      
51328.48696735455      
51424.17968093650      
51519.87098101526      
51615.56376029039      
51711.25579996733      
51806.94831269793      
51902.64063683571      
51998.33285158966      
52094.02534011751      
52189.71711073536      
52285.41013109498      
52381.10370057402      
52476.79589301115      
52572.48825675342      
52668.18134563509      
52763.87441597180      
52859.56649745349      
52955.25976832723      
53050.95238761278      
53146.64558619261      
53242.33846636489      
53338.03078515921      
53433.72259978205      
53529.41459136782      
53625.10750705842      
53720.79980825074      
53816.49223014247      
53912.18450838933      
54007.87637298927      
54103.56897498714      
54199.26168196835      
54294.95415509446      
54390.64652606612      
54486.33925379254      
54582.03179544071      
54677.72514772369      
54773.41773431981      
54869.10928522702      
54964.80142894434      
55060.49431225983      
55156.18698026519      
55251.87998490874      
55347.57228578674      
55443.26459106524      
55538.95758722210      
55634.64975199895      
55730.34249701304      
55826.03500031400      
55921.72685674159      
56017.41880620830      
56113.10953830834      
56208.80226477748      
56304.49477153597      
56400.18650506390      
56495.87885246146      
56591.57096600393      
56687.26351330988      
56782.95606155880      
56878.64826468285      
56974.34034270700      
57070.03319584765      
57165.72658710647      
57261.41950908350      
57357.11158144986      
57452.80366167426      
57548.49660345353      
57644.18944559293      
57739.88166443305      
57835.57444653707      
57931.26730313525      
58026.95987527259      
58122.65277556144      
58218.34579403512      
58314.03928996297      
58409.73202900495      
58505.42476678966      
58601.11743668094      
58696.80947132874      
58792.50136327464      
58888.19342935458      
58983.88606718509      
59079.57900487818      
59175.27076669503      
59270.96287395107      
59366.65551115293      
59462.34767592978      
59558.04037065245      
59653.73370816233      
59749.42712268094      
59845.11961529497      
59940.81196740735      
60036.50496953633      
60132.19847835135      
60227.89076539921      
60323.58310462441      
60419.27584680961      
60514.96867889073      
60610.66162161296      
60706.35425881483      
60802.04598951386      
60897.73735937197      
60993.42951126164      
61089.12234585732      
61184.81516662287      
61280.50767086679      
61376.19991799584      
61471.89218461281      
61567.58386344882      
61663.27730562771      
61758.96976932418      
61854.66243607225      
61950.35447260598      
62046.04692058638      
62141.74007138936      
62237.43172319373      
62333.12367360340      
62428.81594776409      
62524.50769512216      
62620.20032918081      
62715.89265300427      
62811.58573717112      
62907.27873489959      
63002.97170653939      
63098.66417306475      
63194.35531755444      
63290.04730851157      
63385.74052406475      
63481.43352462212      
63577.12549200514      
63672.81861451920      
63768.51132684387      
63864.20444307150      
63959.89732795861      
64055.58985294774      
64151.28212396521      
64246.97355417302      
64342.66628189944      
64438.35817824584      
64534.04948964017      
64629.74179114681      
64725.43394743698      
64821.12720573787      
64916.82062968612      
65012.51336087007      
65108.20528299082      
65203.89710421441      
65299.58908982808      
65395.28164027724      
65490.97423158819      
65586.66592519730      
65682.35814780928      
65778.05098051904      
65873.74252985464      
65969.43417725852      
66065.12703920016      
66160.81942557357      
66256.51228248607      
66352.20446549356      
66447.89694176288      
66543.58985745348      
66639.28296456579      
66734.97578721726      
66830.66810192540      
66926.35991246207      
67022.05178617733      
67117.74350650376      
67213.43532647006      
67309.12811486050      
67404.82099880464      
67500.51430236781      
67596.20650674915      
67691.89869258553      
67787.59057541611      
67883.28291652724      
67978.97545126034      
68074.66773925116      
68170.35980595974      
68266.05262452504      
68361.74537236802      
68457.43874853943      
68553.13052418642      
68648.82360615302      
68744.51592683326      
68840.20871302346      
68935.90154038975      
69031.59428100334      
69127.28619840927      
69222.97827737639      
69318.67057542549      
69414.36383906985      
69510.05486726062      
69605.74674380478      
69701.43979779677      
69797.13247177424      
69892.82444638666      
69988.51685790578      
70084.20969124418      
70179.90251358133      
70275.59505271493      
70371.28670294769      
70466.97970570531      
70562.67271883553      
70658.36483394960      
70754.05727941543      
70849.74977831589      
70945.44218826341      
71041.13454477629      
71136.82659671176      
71232.51841353485      
71328.21117866552      
71423.90310267219      
71519.59650147473      
71615.28901609126      
71710.98168315366      
71806.67456615483      
71902.36700533424      
71998.05959601654      
72093.75236774795      
72189.44445142988      
72285.13744978700      
72380.82981572952      
72476.52273927815      
72572.21580207115      
72667.90836446453      
72763.60102649778      
72859.29433131823      
72954.98742428608      
73050.68152276799      
73146.37429921422      
73242.06718913047      
73337.75919423206      
73433.45202694181      
73529.14543800289      
73624.83801422641      
73720.53093243157      
73816.22361426707      
73911.91675626906      
74007.60933972197      
74103.30177732976      
74198.99430546211      
74294.68696560943      
74390.37877205992      
74486.07161482796      
74581.76391287707      
74677.45623921510      
74773.14826914808      
74868.84060900193      
74964.53418382443      
75060.22639354924      
75155.91895437101      
75251.61156202666      
75347.30437116232      
75442.99774387619      
75538.69079126744      
75634.38385154586      
75730.07581358543      
75825.76758326031      
75921.46086324938      
76017.15374593623      
76112.84714536741      
76208.54037475074      
76304.23264262499      
76399.92515472695      
76495.61790445587      
76591.31070730509      
76687.00310813729      
76782.69584592199      
76878.38851612760      
76974.08187281108      
77069.77455716114      
77165.46705040382      
77261.15997709567      
77356.85203280300      
77452.54500664305      
77548.23702054564      
77643.92962442944      
77739.62250334444      
77835.31468226574      
77931.00770671153      
78026.69966435060      
78122.39194668364      
78218.08467503870      
78313.77576137893      
78409.46769670118      
78505.16155378427      
78600.85377765354      
78696.54604364187      
78792.23858371843      
78887.93171817670      
78983.62440064084      
79079.31599618169      
79175.00872296514      
79270.70143183228      
79366.39385843882      
79462.08637997042      
79557.77827788843      
79653.47120646620      
79749.16218530852      
79844.85456885304      
79940.54665002041      
80036.23971344205      
80131.93236667430      
80227.62518806849      
80323.31727206474      
80419.00882485788      
80514.70050620846      
80610.39285203442      
80706.08549017925      
80801.77778822836      
80897.47082241811      
80993.16313461168      
81088.85572938016      
81184.54829051625      
81280.24062691256      
81375.93336878344      
81471.62599624135      
81567.31902351603      
81663.01199106965      
81758.70482692262      
81854.39717589179      
81950.09056117851      
82045.78376667341      
82141.47574505769      
82237.16770269675      
82332.86021699896      
82428.55201056227      
82524.24414767884      
82619.93710077368      
82715.63010510290      
82811.32302393671      
82907.01486684848      
83002.70715012448      
83098.39913102333      
83194.09184271935      
83289.78500798112      
83385.47684272053      
83481.16891194368      
83576.86069702031      
83672.55250912858      
83768.24571430916      
83863.93797275377      
83959.63036949979      
84055.32352093142      
84151.01599342888      
84246.70913700247      
84342.40285106935      
84438.09507210972      
84533.78757069586      
84629.47995424038      
84725.17284572823      
84820.86485271575      
84916.55741290888      
85012.24943309790      
85107.94204861159      
85203.63492155448      
85299.32834078791      
85395.02103739651      
85490.71315093897      
85586.40644758707      
85682.09926206619      
85777.79180119978      
85873.48371389089      
85969.17604745831      
86064.86861833837      
86160.56237735320      
86256.25471532112      
86351.94756657584      
86447.63967477484      
86543.33202940179      
86639.02420455124      
86734.71603268990      
86830.40850298712      
86926.10039901920      
87021.79224978900      
87117.48470531311      
87213.17773133051      
87308.87074383209      
87404.56347155850      
87500.25671822950      
87595.94975713408      
87691.64189927978      
87787.33489575097      
87883.02753200987      
87978.72140920954      
88074.41447860328      
88170.10640449589      
88265.79861107748      
88361.49156637257      
88457.18406370142      
88552.87671567639      
88648.56913348194      
88744.26239146851      
88839.95442014420      
88935.64767121570      
89031.34017954580      
89127.03329734504      
89222.72532884963      
89318.41720287921      
89414.11008399446      
89509.80297265342      
89605.49622215331      
89701.18902248796      
89796.88154904870      
89892.57412967272      
89988.26552939136      
90083.95782115404      
90179.64967883890      
90275.34140450880      
90371.03464897955      
90466.72778280918      
90562.41969927214      
90658.11268159887      
90753.80491238320      
90849.49797643349      
90945.19011795055      
91040.88217240060      
91136.57531503122      
91232.26876978297      
91327.96144596068      
91423.65445626201      
91519.34773782268      
91615.04036402330      
91710.73366318597      
91806.42612091033      
91902.11853022920      
91997.81058122171      
92093.50312664174      
92189.19551427243      
92284.88865910331      
92380.58162508532      
92476.27423714148      
92571.96608728264      
92667.65912775882      
92763.35145692574      
92859.04369211057      
92954.73661848810      
93050.42981518200      
93146.12290909281      
93241.81442636764      
93337.50633591553      
93433.19836616283      
93528.89106371440      
