10.43500220310700      
10.88924215454962      
11.51676076191080      
12.05857649703726      
12.47481589121374      
12.75716814959449      
12.90190397520660      
12.90723053462186      
12.77308134480281      
12.50109540144983      
12.09457460019027      
11.55840724911203      
10.89895857045154      
10.12394185291986      
9.242266424118840      
8.263860549537975      
7.199552704529697      
6.060877762933123      
4.859965945173093      
3.609389799195545      
2.322096335156601      
1.011245340937288      
-0.3098565379175099    
-1.627802744444527     
-2.929260220630062     
-4.200973974630595     
-5.429885360051376     
-6.603187595640315     
-7.708504356211507     
-8.733957406907580     
-9.668331244423619     
-10.50120738194114     
-11.22310135085746     
-11.82563992485288     
-12.30172761665211     
-12.64567651080543     
-12.85332518829111     
-12.92214542292770     
-12.85129686680430     
-12.64164327542482     
-12.29574123158554     
-11.81776719533522     
-11.21343409970269     
-10.48985630963004     
-9.655416880727509     
-9.228070909381058     
-8.648977634444325     
-7.675392736742726     
-6.575064541945753     
-5.401091150019480     
-4.171094095386084     
-2.898504589503088     
-1.596476784873160     
-0.2782636798485389    
1.042767822986860      
2.353242200715075      
3.639840725604523      
4.889392024480297      
6.088970607593493      
7.226023139181599      
8.288418061365423      
9.264641980524186      
10.14388398542467      
10.91622955098588      
11.57279825177601      
12.10591629806819      
12.50924932796592      
12.77794824296885      
12.90874947844230      
12.90005495945448      
12.75197099475359      
12.46630697101439      
12.04652721178202      
11.49767464863988      
10.82625365269308      
10.04010771353526      
9.228080345067330      
