79.53818603978169      
82.87850912692159      
88.13901448083315      
93.69767209668946      
99.30933527203418      
104.9406819353213      
110.5825316134757      
116.2279454264317      
121.8703334848794      
127.5030883422526      
133.1201830831308      
138.7163240343198      
144.2872075981315      
149.8296643747672      
155.3418020847066      
160.8231531107075      
166.2744235928838      
171.6976654979653      
177.0959945087084      
-177.5264425120270     
-172.1648481327043     
-166.8137144208558     
-161.4671486536696     
-156.1192407943094     
-150.7639125199161     
-145.3954494011014     
-140.0085866341045     
-134.5988970080192     
-129.1626712075168     
-123.6973230180233     
-118.2013787118629     
-112.6746165220162     
-107.1182400016236     
-101.5347868518243     
-95.92794185944560     
-90.30246842933305     
-84.66411032219121     
-79.01920600069629     
-73.37431621012513     
-67.73606542649664     
-62.11083781964975     
-56.50424211296556     
-50.92109650808722     
-45.36506332054545     
-39.83861613547087     
-37.25458690986500     
-33.95055447358639     
-28.78868935172158     
-23.38779369686851     
-17.98246767106865     
-12.59642998547491     
-7.228234423374593     
-1.873007139065413     
3.474997537673659      
8.821733052278365      
14.17323479219483      
19.53533351336678      
24.91345825532999      
30.31245066914377      
35.73648499018451      
41.18859068849211      
46.67082360671284      
52.18385679720407      
57.72712957129985      
63.29871261861415      
68.89547327592234      
74.51304779960658      
80.14614780317258      
85.78870527087015      
91.43418646631569      
97.07591330167678      
102.7073723078088      
108.3226105436500      
113.9164094522844      
119.4845942882736      
125.0240926398439      
130.0652105788100      
