0.000000000000000      
59.99999988125637      
154.1218308149837      
253.1404583249241      
352.7263114345260      
452.3770816507749      
552.0361860981211      
651.6956799896434      
751.3568903901614      
851.0181708843447      
950.6798889138736      
1050.342089426704      
1150.004839373287      
1249.667616980150      
1349.329852382652      
1448.992780235130      
1548.655191971920      
1648.317849822342      
1747.980472783092      
1847.643937182147      
1947.306532482617      
2046.968727651983      
2146.631019946653      
2246.291112620384      
2345.950813335367      
2445.610175840557      
2545.269876241218      
2644.927823671605      
2744.584880629554      
2844.240467820782      
2943.895267008338      
3043.550412263721      
3143.205210822634      
3242.858598707244      
3342.511103034485      
3442.163480690215      
3541.814797825646      
3641.464629478287      
3741.114294226281      
3840.763953630812      
3940.412273397669      
4040.060557331890      
4139.708393672481      
4239.356477698311      
4339.004654448945      
4385.788522660732      
4445.788522541989      
4539.929964614566      
4638.941224117298      
4738.516686391085      
4838.156405696645      
4937.803416629322      
5037.451075378340      
5137.100006185938      
5236.749770888127      
5336.400588252582      
5436.052074807230      
5535.703605052549      
5635.354750568513      
5735.007419600151      
5834.660341346171      
5934.314994374290      
6033.970239269547      
6133.626314916182      
6233.282659936231      
6332.940023671836      
6432.597931497730      
6532.256946992129      
6631.917004147545      
6731.577906198800      
6831.239418033510      
6930.900971672963      
7030.563126923516      
7130.225675704423      
7229.889020347036      
7329.552147793584      
7420.727492810693      
