10.43536175572861      
10.87977659092792      
11.48212933181079      
12.00080447841752      
12.40564907881815      
12.69295132834893      
12.86219487646727      
12.91393329487289      
12.84958088335414      
12.67131679944674      
12.38200501379440      
11.98512707690980      
11.48469612958157      
10.88519502882919      
10.19154457331221      
9.409029991832588      
8.543329844269691      
7.600511412506512      
6.587042197157096      
5.509868420412248      
4.376487985157540      
3.194982234475216      
1.974146742323318      
0.7235567460052207     
-0.5463961130467572    
-1.824433040471386     
-3.098361159926566     
-4.355127108560416     
-5.580907048599650     
-6.761204281657939     
-7.881021202496555     
-8.925084875611361     
-9.878167478210308     
-10.72537616107643     
-11.45253535167392     
-12.04666337305243     
-12.49637616446618     
-12.79235257755094     
-12.92774154258091     
-12.89849927252385     
-12.70360267780275     
-12.34512496407710     
-11.82815079918943     
-11.16056734041987     
-10.35275373888105     
-9.417154925314735     
-9.241627276595864     
-8.340871278249736     
-7.212625144358913     
-5.985397165256692     
-4.691317702389081     
-3.349484030815363     
-1.977490442351566     
-0.5925588768216220    
0.7885252426987525     
2.149669920951636      
3.475644205273900      
4.752315101064285      
5.966861334067230      
7.107798058461274      
8.165086558493982      
9.130079147942734      
9.995554735119917      
10.75552904684195      
11.40531095878661      
11.94133561412448      
12.36114685189511      
12.66331333569454      
12.84739421438843      
12.91384924057862      
12.86399135643029      
12.69990950921654      
12.42438464974058      
12.04082598993723      
11.55318095163837      
10.96588630173691      
10.28379154145362      
9.512156715622076      
9.219067954150507      
