79.53818603978175      
82.80350100176683      
87.81238103514775      
93.00830218836636      
98.18812737596818      
103.3307739966996      
108.4339065820214      
113.4968874361033      
118.5197392251271      
123.5031051707242      
128.4483465113788      
133.3575631788049      
138.2339043934997      
143.0815143567081      
147.9054191596717      
152.7117997855597      
157.5076203986896      
162.3006564510697      
167.0994641379340      
171.9130967755389      
176.7509424885586      
-178.3772437907477     
-173.4617276429576     
-168.4929161621355     
-163.4614331609452     
-158.3584201174610     
-153.1757916828838     
-147.9063376324912     
-142.5438583148114     
-137.0834807983842     
-131.5219053901605     
-125.8576748404117     
-120.0912088702747     
-114.2252555761428     
-108.2651565813170     
-102.2185673305632     
-96.09574848612280     
-89.90923475857132     
-83.67351329980632     
-77.40430539335932     
-71.11801168466711     
-64.83076468774337     
-58.55763653328036     
-52.31207500492128     
-46.10543990195762     
-39.94642850081030     
-38.87586519304993     
-33.69230497200109     
-27.75468653367544     
-21.77991058765964     
-15.85478796782134     
-9.987789930571259     
-4.178339206336465     
1.575522114977984      
7.275987881875600      
12.92536055553505      
18.52569101339584      
24.07886492190786      
29.58682072592106      
35.05118914138127      
40.47354650050498      
45.85512005097933      
51.19716802057211      
56.50020434743868      
61.76476164132205      
66.99078293070684      
72.17802233144984      
77.32591171611072      
82.43409340904927      
87.50213100461450      
92.53002952969780      
97.51827772066623      
102.4682045685929      
107.3817808086318      
112.2620530095355      
117.1129532905143      
121.9395431364009      
126.7477205356225      
128.4439319064040      
