0.000000000000000      
59.99999988125637      
154.8465015599504      
256.9630682235584      
362.6821371610276      
471.6272095218301      
583.7379180011339      
698.9400324644521      
817.1196557348594      
938.1176707916893      
1061.728398618288      
1187.698046083096      
1315.732728992589      
1445.499702659436      
1576.628842984792      
1708.726637845393      
1841.374542564154      
1974.139584170189      
2106.584662967362      
2238.272674859036      
2368.774636555463      
2497.683290031273      
2624.615269771311      
2749.220285040792      
2871.190559270326      
2990.263573138509      
3106.225198355969      
3218.915041757282      
3328.229020221625      
3434.116505063139      
3536.577778542414      
3635.659797443077      
3731.454640952870      
3824.089392973110      
3913.718843262177      
4000.525020353962      
4084.706393990200      
4166.475065087434      
4246.052049659193      
4323.666389600839      
4399.551222729497      
4473.944584617857      
4547.088798496407      
4619.228658475913      
4690.610513614956      
4761.484904447570      
4773.832921357825      
4833.832921239082      
4903.174164332449      
4973.878373717889      
5045.187230233569      
5117.227914906107      
5190.216533734929      
5264.371844963171      
5339.904269145336      
5417.016687209252      
5495.901447487995      
5576.742717472371      
5659.720676229335      
5745.006767520681      
5832.767336815596      
5923.158099548891      
6016.328707896173      
6112.406580825336      
6211.505990498699      
6313.711930671707      
6419.081065943465      
6527.631961391307      
6639.348679978866      
6754.167428612709      
6871.981033764314      
6992.634479049593      
7115.929456916638      
7241.617369337473      
7369.410034536850      
7498.977079382166      
7629.956683202181      
7761.954124050681      
7808.771886164322      
