10.44835452615312      
11.00026992345783      
11.53145353230324      
11.97775025901675      
12.33530445728422      
12.60486633362813      
12.78850604063057      
12.88894322984722      
12.90906569470733      
12.85161109170090      
12.71893381020644      
12.51282187570252      
12.23426942291131      
11.88318284144730      
11.46427724182798      
10.98080162808814      
10.43452309509515      
9.826649659257965      
9.158132546985875      
8.429890823917425      
7.642815168944450      
6.797640893020973      
5.894736867139772      
4.934174795295403      
3.916090864810637      
2.855532426229099      
1.758973926102877      
0.6301130649672593     
-0.5262555907444791    
-1.703744766639073     
-2.894553061453467     
-4.089778681823570     
-5.279541300590965     
-6.452523705078406     
-7.594553624497577     
-8.686159097019704     
-9.700832486469206     
-10.60898406932592     
-11.38711806744006     
-12.02116815370627     
-12.50233928189078     
-12.82263449991898     
-12.97269005234155     
-12.94087106414599     
-12.71258465204248     
-12.27209386698391     
-11.63140335890581     
-10.80902915721312     
-9.825984924026605     
-9.282533025486391     
-8.076818859656106     
-6.781625642159448     
-5.401682197531347     
-3.955004938739049     
-2.461910035230511     
-0.9459954603051121    
0.5627342279204653     
1.988987900065314      
3.309196825624777      
4.535212603685841      
5.675045555248153      
6.732719467607897      
7.709826422354511      
8.606654733748796      
9.422615219610302      
10.15629940793004      
10.80578578507534      
11.36896566393395      
11.84400464104528      
12.23009889704083      
12.52775037059983      
12.73871971591432      
12.86557288048821      
12.91118843785987      
12.87837912062703      
12.76964545342158      
12.58697787160259      
12.33165446062849      
12.00396454256694      
11.60643065459062      
11.14351924270956      
10.61731883826000      
10.02917810467958      
9.380102206891330      
9.210070521969303      
