79.53818603978175      
83.71939185545929      
88.30047048370540      
92.83535033236355      
97.28661603941059      
101.6444508702862      
105.9052985632067      
110.0702366896537      
114.1435842238782      
118.1321736646775      
122.0451932952736      
125.8939899228726      
129.6930775450026      
133.4609929910888      
137.1703148005461      
140.8245969332408      
144.4405095148516      
148.0366096874759      
151.6317704267944      
155.2446974519854      
158.8945020509119      
162.6015010900412      
166.3881171260482      
170.2786190019485      
174.2980812724678      
178.4158813913638      
-177.3616635860674     
-173.0160331205415     
-168.5307066666453     
-163.8919573522413     
-159.0871734054826     
-154.1025584956574     
-148.9212119923816     
-143.5231839042400     
-137.8901522988976     
-132.0184362198741     
-125.9382758917655     
-119.7138041992388     
-113.4042408717177     
-107.0321749537001     
-100.5883792800559     
-94.04800887912852     
-87.37938044768177     
-80.54611427540142     
-73.50408984678559     
-66.23605553679920     
-58.99002751771410     
-51.83227645075053     
-44.78636522731519     
-41.31681896926784     
-34.32086604269695     
-27.54031252286888     
-20.86102885142959     
-14.25720338852748     
-7.716134970183336     
-1.239930821460175     
5.140932576067779      
11.19714474397409      
16.89537172425004      
22.33201128977109      
27.57667137162359      
32.67583292953245      
37.66133135553609      
42.55625579110843      
47.37724287852118      
52.13423148112412      
56.83086589462538      
61.46444225904889      
66.02634973245684      
70.50616408446636      
74.89462468856260      
79.18672940002367      
83.38210590274846      
87.48420950039394      
91.49916906678466      
95.43530736390210      
99.30328884360998      
103.1165070956431      
106.8921323719772      
110.6214383923160      
114.2919079459448      
117.9182392255890      
121.5186767132377      
125.1120864349243      
126.0029779921682      
