0.000000000000000      
59.99999988125637      
131.9742543040775      
210.5148043949157      
295.6285765394568      
387.6695170300081      
487.0394137571566      
594.1749681718647      
709.5266383141279      
833.5405637626536      
966.6472689248621      
1109.241202916019      
1261.698524176609      
1424.394009076059      
1595.301294070669      
1773.165150918067      
1956.989608041476      
2145.584658253938      
2337.509332958143      
2531.086436274927      
2724.502884596586      
2915.942376921885      
3103.719576133881      
3286.333211394958      
3462.465005996637      
3628.834755253047      
3784.483468753751      
3929.333713429514      
4063.508914480917      
4187.279556447174      
4301.080075465143      
4405.510722880717      
4501.306588563602      
4589.267980295699      
4670.150218612980      
4744.516094354913      
4812.627277546562      
4874.609696329571      
4930.860200291499      
4982.153263140935      
5029.413528449368      
5073.521095106844      
5115.256956475787      
5155.318938056007      
5194.369606662076      
5232.883971347474      
5270.002426346764      
5305.882040876895      
5340.851334831677      
5358.062197838444      
5392.980220320169      
5427.389578102157      
5462.175158131868      
5497.786841983907      
5534.624362830073      
5573.028385627549      
5613.179881847464      
5653.855677426327      
5694.846559118014      
5736.846834851895      
5780.482271953952      
5826.308587461244      
5874.854892992880      
5926.661619194783      
5982.295027014334      
6042.334066866897      
6107.356064126361      
6177.905852138065      
6254.456949757878      
6337.427873059642      
6427.200996188913      
6524.170858156867      
6628.762010636274      
6741.424136236310      
6862.608327297494      
6992.748034244869      
7132.251295878086      
7281.498098443262      
7440.862760029268      
7609.307192824781      
7785.037281573750      
7967.062006832566      
8154.265900526661      
8345.290563767776      
8393.001160759013      
