10.43499750967612      
10.88915679170668      
11.51667598101035      
12.05845385884861      
12.47466690474017      
12.75702970869981      
12.90182549662623      
12.90726505945220      
12.77328520058383      
12.50152748556800      
12.09528665030665      
11.55944693678526      
10.90036880580149      
10.12575370980133      
9.244496453370765      
8.266513003235779      
7.202620449886339      
6.064341629564545      
4.863796619197021      
3.613564049935004      
2.326550027941582      
1.015921267694194      
-0.3050237721208272    
-1.622901229838095     
-2.924372389843641     
-4.196181016774172     
-5.425250681370570     
-6.598803469210747     
-7.704451479118696     
-8.730287789258965     
-9.665102172178248     
-10.49843838232585     
-11.22081773077200     
-11.82385513862586     
-12.30043390200273     
-12.64485677476747     
-12.85295149460389     
-12.92217170559093     
-12.85166670350737     
-12.64229519160249     
-12.29660684709525     
-11.81878185671172     
-11.21453177689642     
-10.49097169696473     
-9.656503580210009     
-9.228095245366017     
-8.648464201776621     
-7.674556976350983     
-6.573931083727571     
-5.399679078797772     
-4.169425649923798     
-2.896599744381995     
-1.594354526466611     
-0.2759767153130094    
1.045160800968339      
2.355684107297257      
3.642277165350740      
4.891769966292124      
6.091246963330786      
7.228145251315413      
8.290350499137872      
9.266338496773058      
10.14531744837778      
10.91738672622886      
11.57368536571714      
12.10654492166813      
12.50964118255679      
12.77813688641413      
12.90877909475116      
12.89997733714716      
12.75184491435412      
12.46619452066789      
12.04648825422520      
11.49776689927640      
10.82653819184128      
10.04061450189880      
9.228056015118094      
