79.53818603978185      
82.87785608567454      
88.13818116364227      
93.69611636453115      
99.30675099694824      
104.9368905540896      
110.5774389334963      
116.2215533386060      
121.8624687050708      
127.4936866974677      
133.1092686488662      
138.7038954222523      
144.2732561752381      
149.8142205887071      
155.3249287776135      
160.8049192416093      
166.2548981460776      
171.6769220605647      
177.0741044668549      
-177.5494746274638     
-172.1888802233275     
-166.8386682108840     
-161.4929375919880     
-156.1457040960808     
-150.7909197593046     
-145.4228726667414     
-140.0363645679206     
-134.6268187751854     
-129.1905331991217     
-123.7250121853673     
-118.2286899155845     
-112.7015006639898     
-107.1445405163708     
-101.5603244352821     
-95.95260947713084     
-90.32612856287689     
-84.68654790675932     
-79.04025071513568     
-73.39395621694065     
-67.75422420193235     
-62.12742518879794     
-56.51926840423267     
-50.93454506946573     
-45.37691752164039     
-39.84896715728151     
-37.25816551789899     
-33.95093904080767     
-28.78733112030513     
-23.38497481533806     
-17.97836224578012     
-12.59117047920509     
-7.221902824481642     
-1.865650997152722     
3.483219333039541      
8.830658913662091      
14.18272111031395      
19.54525022299107      
24.92367542339960      
30.32286958397671      
35.74694203460897      
41.19897316928051      
46.68091566701879      
52.19348073281725      
57.73611866378720      
63.30696525739189      
68.90285151195353      
74.51940278051953      
80.15134177600754      
85.79262798006756      
91.43674196764206      
97.07698277157478      
102.7068961273451      
108.3205760989756      
113.9128025980087      
119.4793525798594      
125.0173528021437      
130.0616315499753      
