0.000000000000000      
59.99999988125637      
154.1440712520853      
253.1856655958109      
352.7982919709757      
452.4812807561830      
552.1789056016132      
651.8841983168386      
751.5945940394886      
851.3095015310682      
951.0299322777428      
1050.754529039841      
1150.482252042275      
1250.212295050733      
1349.943696241826      
1449.676843802445      
1549.409586517140      
1649.141853349283      
1748.872431018390      
1848.600092728157      
1948.324853251688      
2048.045213904697      
2147.761084791273      
2247.470855014399      
2347.175118327141      
2446.873286319897      
2546.564273326658      
2646.248290257063      
2745.925664005335      
2845.593852968886      
2945.255013392307      
3044.907364645042      
3144.552187586669      
3244.188965787180      
3343.817207333632      
3443.438611761667      
3543.054135236889      
3642.663200350944      
3742.265085107647      
3841.861939150840      
3941.453599347733      
4041.040575527586      
4140.623959328514      
4240.205501206219      
4339.784168929327      
4386.645119742025      
4446.645119623281      
4540.728108608164      
4639.672843564767      
4739.180748118088      
4838.754008256365      
4938.337505841628      
5037.926067458466      
5137.519019201864      
5237.116592726670      
5336.720010428689      
5436.329752590973      
5535.945740633179      
5635.568590310868      
5735.199398919940      
5834.838129056152      
5934.484583325684      
6034.138428547885      
6133.800094400067      
6233.470054878853      
6333.148148423061      
6432.833330857102      
6532.525869668461      
6632.225575007033      
6731.931787740905      
6831.643060734496      
6931.358986627311      
7031.080014270265      
7130.804926296696      
7230.532246024814      
7330.263515200932      
7421.584082348272      
