10.44163052186869      
10.93488329077350      
11.50287162401717      
11.98366131549738      
12.36385023589019      
12.64327448689044      
12.82308279118891      
12.90498416164546      
12.89123459006305      
12.78461537156389      
12.58832040828965      
12.30578645391971      
11.94051526047613      
11.49589639188726      
10.97509611294399      
10.38098755803162      
9.716156674239254      
8.982928273084573      
8.183470307189763      
7.319815479769158      
6.394031147252419      
5.408337340633400      
4.365315056752995      
3.268214752677739      
2.121319580811391      
0.9303545531246332     
-0.2970690062770679    
-1.551150445328602     
-2.819708281784921     
-4.088272203226505     
-5.340447222399639     
-6.558468619085025     
-7.723821548160545     
-8.817739669441902     
-9.821525293878533     
-10.71668811666643     
-11.48509696153121     
-12.10768905870290     
-12.56880490726722     
-12.85733038969407     
-12.96175503954961     
-12.87251075166895     
-12.58781944135990     
-12.11219899040638     
-11.45574154331576     
-10.63280087589650     
-9.660479651650375     
-9.264310028380653     
-8.098608588805588     
-6.844192712636167     
-5.507702955284122     
-4.107641323800077     
-2.664413244380122     
-1.199709762277301     
0.2633839821442647     
1.700887446908790      
3.090115049824027      
4.406293559686936      
5.627696647919572      
6.756252597887451      
7.793781045240686      
8.740496760372253      
9.595572337408452      
10.35744550301619      
11.02402620131595      
11.59041509486805      
12.05502033067602      
12.41816206559897      
12.68064647677086      
12.84376350190056      
12.90931312368431      
12.87964954530258      
12.75763200998740      
12.54650653009639      
12.24973726645545      
11.87080990142266      
11.41309270405169      
10.87970067373530      
10.27345191570352      
9.596894255326930      
9.212639414973818      
