79.53818603978175      
83.21793363713832      
88.02109451597042      
92.85797452593253      
97.62725113217748      
102.3221205550553      
106.9420857971921      
111.4864464170311      
115.9543745953106      
120.3457984338929      
124.6623734158225      
128.9078908936144      
133.0884580233414      
137.2126501728665      
141.2911881768702      
145.3367130434067      
149.3633673054192      
153.3865817053953      
157.4226440080719      
161.4888718168104      
165.6031366390032      
169.7838192303624      
174.0494923683208      
178.4183662000785      
-177.0923263709542     
-172.4670484130428     
-167.6928595008814     
-162.7599820249219     
-157.6623273750201     
-152.3974309379414     
-146.9658172460053     
-141.3699365926017     
-135.6128962961141     
-129.6975421003254     
-123.6261265301112     
-117.4009032385099     
-111.0251173114716     
-104.5230078701832     
-97.91664816096039     
-91.19084204290355     
-84.33080509752226     
-77.40208918701569     
-70.44602757889801     
-63.50039945161392     
-56.59753669725562     
-49.76138148669869     
-43.00652342924570     
-40.51551648809196     
-33.77785575323421     
-27.22187979619689     
-20.75876584250825     
-14.37426786881601     
-8.063661029251072     
-1.828290541865535     
4.322754335816949      
10.37228990524839      
16.30068406660994      
22.06687036965158      
27.62449603982984      
33.01793918691315      
38.28595408441206      
43.45671013363523      
48.55101075349331      
53.58386880346151      
58.56510411474621      
63.47580345947551      
68.30891661287313      
73.06619665720201      
77.74849085913139      
82.35579441784708      
86.88722248446216      
91.34211597501847      
95.72070861906242      
100.0249574556446      
104.2589703754447      
108.4293829047825      
112.5450393093508      
116.6170608002082      
120.6583974210838      
124.6833640627668      
126.8042803918924      
