0.000000000000000      
59.99999988125637      
143.8618548447266      
235.2929886197671      
333.0198527430184      
437.2816451475956      
548.3708494110033      
666.4846537867561      
791.6918933973648      
923.9229972939938      
1062.974099779967      
1208.507116476540      
1360.052312957123      
1517.018993245438      
1678.695644717664      
1844.257796136662      
2012.772400234826      
2183.215088699944      
2354.483659076504      
2525.442381820176      
2694.942638324574      
2861.863695946522      
3025.142061221413      
3183.791387721431      
3336.921309877653      
3483.754081267398      
3623.636939073913      
3756.063981167972      
3880.691876832861      
3997.357883665245      
4106.090361310635      
4207.104888022877      
4300.784344947897      
4387.642008508556      
4468.276383052580      
4543.323589966167      
4613.420203258283      
4678.995627094992      
4740.541746444069      
4798.869837645907      
4854.703902569599      
4908.103675162420      
4959.361071023159      
5008.784846146591      
5056.693947454914      
5103.424658579752      
5149.331146781333      
5166.274736670312      
5212.359015096445      
5257.858110743109      
5303.716292779427      
5350.362526264507      
5398.159419244621      
5447.428420011420      
5498.431198589969      
5551.351689558942      
5606.325359456241      
5663.228488247842      
5721.765314298682      
5782.536634302232      
5846.181407652330      
5913.315296871588      
5984.553396818228      
6060.516933188774      
6141.825133538805      
6228.637640434317      
6321.245246403851      
6420.065024157520      
6525.464561849367      
6637.733125349041      
6757.044431276154      
6883.446672011632      
7016.849378321785      
7157.025001966394      
7303.610650438350      
7456.119431136176      
7613.935867929831      
7776.330838655122      
7942.462184268516      
8111.377556284424      
8201.213697390631      
