10.43478243904417      
10.88499866742549      
11.50954535844605      
12.04895977609948      
12.46442367625867      
12.74818411228352      
12.89690033177239      
12.90905534464468      
12.78473250687203      
12.52558535851126      
12.13478420671133      
11.61695347186298      
10.97806439779302      
10.22531872340739      
9.367029474909689      
8.412479325936152      
7.371790535327064      
6.255797000547213      
5.075909288633643      
3.844057853865911      
2.572556010113896      
1.274028822124069      
-0.03862436340132027   
-1.352386813690013     
-2.654094039081606     
-3.930572586657321     
-5.168679675904339     
-6.355464704601966     
-7.478191136764435     
-8.524543670914209     
-9.482714929108745     
-10.34161070197148     
-11.09099898306792     
-11.72171361835126     
-12.22583895512237     
-12.59688070356554     
-12.82992214577379     
-12.92176474347790     
-12.87100537595930     
-12.67808235802685     
-12.34527646677402     
-11.87665166286194     
-11.27795551989705     
-10.55650033840735     
-9.720993797737975     
-9.227146442015654     
-8.617652125963488     
-7.626146363888878     
-6.510293407045178     
-5.321341373244801     
-4.077209805785961     
-2.791858424557758     
-1.478948442634897     
-0.1522210903553073    
1.174620226994398      
2.487978729469312      
3.774397014351703      
5.020727556938586      
6.214173081382940      
7.342415813214784      
8.393694852926396      
9.356955479643826      
10.22195755405611      
10.97938484285555      
11.62102994507941      
12.13987638829659      
12.53024027020838      
12.78786804358680      
12.91001554891094      
12.89549543578241      
12.74469836116887      
12.45957218488437      
12.04358350077128      
11.50163247107961      
10.83993824061374      
10.06593492824415      
9.224497138536657      
