79.67430539316783      
82.98234571413624      
88.20676521411045      
93.71685415328112      
99.27183849455294      
104.8399340813022      
110.4128360701535      
115.9846076715583      
121.5495064150290      
127.1020091600977      
132.6371757519894      
138.1506782161792      
143.6391829490373      
149.1004582347195      
154.5334121796878      
159.9382047049365      
165.3162137377996      
170.6699819079414      
176.0031923828560      
-178.6796890080546     
-173.3733690111502     
-168.0719678925834     
-162.7693647084231     
-157.4590526515564     
-152.1347574749108     
-146.7903914243427     
-141.4204491259178     
-136.0199328501877     
-130.5849406292135     
-125.1124943306528     
-119.6009833175974     
-114.0500750357905     
-108.4609496305249     
-102.8362136818979     
-97.17983294198741     
-91.49704420324213     
-85.79423716409904     
-80.07844813466961     
-74.35730274103130     
-68.63838282980582     
-62.92922672815494     
-57.23666095104044     
-51.56660451926219     
-45.92394632648003     
-40.31225205792474     
-37.30330341996649     
-33.81975031211704     
-28.56269027096594     
-23.08691369466581     
-17.61324568939601     
-12.16414976966341     
-6.738342542987882     
-1.331278960453224     
4.062232877969323      
9.447839616729395      
14.83130469938390      
20.21805285487141      
25.61328355418361      
31.02155024000580      
36.44670460342683      
41.89159320103495      
47.35808147755534      
52.84689199463551      
58.35739752402859      
63.88797035832850      
69.43572928465730      
74.99681430150136      
80.56653655154153      
86.13963806292342      
91.71047184574829      
97.27336856680350      
102.8229542797026      
108.3542385483059      
113.8630694397656      
119.3463619366195      
124.8020707271477      
130.0164936437450      
