0.000000000000000      
59.99999988125637      
154.7763478592969      
254.7947672079317      
355.7456979062408      
457.1214769966900      
558.8481364888139      
660.8979306067340      
763.2448813179508      
865.8601310919039      
968.7137445900589      
1071.770882746205      
1174.995341396425      
1278.349030448589      
1381.791235227138      
1485.280414076988      
1588.774312462192      
1692.230655730236      
1795.609220489860      
1898.868075956125      
2001.968105148990      
2104.872354876716      
2207.543601945508      
2309.951574692968      
2412.065477168653      
2513.859406462871      
2615.309224266093      
2716.398237284739      
2817.110114323441      
2917.435731261503      
3017.367963062134      
3116.905596444849      
3216.050360805821      
3314.808639697731      
3413.191504462156      
3511.213787610177      
3608.892419119366      
3706.250253925100      
3803.311279148329      
3900.105113920290      
3996.660604455974      
4093.011038331315      
4189.192024071235      
4285.239110479597      
4381.189471401740      
4432.843940332532      
4492.843940213788      
4583.819307060912      
4679.155246086884      
4775.054114882369      
4871.110185538419      
4967.311459151097      
5063.688698981423      
5160.273299762048      
5257.097608619370      
5354.192632413469      
5451.583514339291      
5549.295159650501      
5647.348036640324      
5745.760290452745      
5844.544980512001      
5943.712743138894      
6043.270431167912      
6143.218136695214      
6243.555384152569      
6344.275383884087      
6445.367819548119      
6546.818373491988      
6648.609393741935      
6750.718458811752      
6853.119987342507      
6955.785952869337      
7058.682653226424      
7161.774880019948      
7265.026843361557      
7368.399332289118      
7467.782911111135      
