10.43495193160877      
10.88831961478538      
11.51541705623567      
12.05675192010642      
12.47281864598124      
12.75544008906212      
12.90096964627798      
12.90766915036276      
12.77549960893755      
12.50610122160284      
12.10275225145639      
11.57028099687075      
10.91497644702449      
10.14444178107748      
9.267460184954821      
8.293838500998410      
7.234256327679318      
6.100107473151017      
4.903380600260472      
3.656533338419117      
2.372363808451332      
1.063912108764215      
-0.2555595533009327    
-1.572757763055621     
-2.874351602506958     
-4.147110174832456     
-5.377941151097380     
-6.554019349259073     
-7.662889710546652     
-8.692578769152638     
-9.631753880936049     
-10.46985499898931     
-11.19724466452231     
-11.80540197168727     
-12.28706622660504     
-12.63637648248062     
-12.84903614991671     
-12.92237860423838     
-12.85545236100634     
-12.64904143728951     
-12.30564928996525     
-11.82942857457894     
-11.22610663826103     
-10.50283921740665     
-9.668078506982447     
-9.228340324004767     
-8.643296600443248     
-7.666062309416538     
-6.562606838204571     
-5.385623009411680     
-4.152769920997287     
-2.877598848351260     
-1.573352461931360     
-0.2533982538341946    
1.068828419993913      
2.379904118680991      
3.666492268835019      
4.915435755861384      
6.113822543944070      
7.249137853483530      
8.309334767409318      
9.282991092226506      
10.15940078231182      
10.92878789891480      
11.58239555976105      
12.11268234252598      
12.51344259209913      
12.77995170878757      
12.90905124922578      
12.89922649324757      
12.75064210264091      
12.46513172684106      
12.04616014339018      
11.49874545843745      
10.82933038620984      
10.04566744817036      
9.227813709951896      
