79.53818603978173      
82.87145071151727      
88.12607940828657      
93.67505255178642      
99.27519732587507      
104.8936636309887      
110.5215003258337      
116.1520227381068      
121.7787651129602      
127.3953475109310      
132.9959027598335      
138.5754127586604      
144.1297133982929      
149.6558675258896      
155.1521598630752      
160.6181820046391      
166.0548072678190      
171.4641792441432      
176.8495101472652      
-177.7850477781761     
-172.4345015083864     
-167.0932174620584     
-161.7554030028646     
-156.4148764546830     
-151.0656355959790     
-145.7018445482168     
-140.3182467693644     
-134.9102396062154     
-129.4740868738807     
-124.0071461741668     
-118.5078960867374     
-112.9761204309607     
-107.4130465949809     
-101.8211419279360     
-96.20413311485397     
-90.56705689197665     
-84.91557891870404     
-79.25626883168927     
-73.59584346728677     
-67.94125856678762     
-62.29903621571405     
-56.67499623975808     
-51.07424546524490     
-45.50067726803293     
-39.95699511350980     
-37.29397721454661     
-33.95461238926374     
-28.77307339359389     
-23.35686840253728     
-17.93763940766446     
-12.53874596041994     
-7.158834172475470     
-1.793037103383722     
3.564215908346258      
8.918818315637660      
14.27674068731061      
19.64377647533089      
25.02535477292946      
30.42621457058316      
35.85042857869186      
41.30104049303331      
46.78006991233487      
52.28814155759044      
57.82480287946927      
63.38811702757376      
68.97500386562592      
74.58116180314380      
80.20146344604132      
85.83001474511826      
91.46038632899106      
97.08620377319110      
102.7011985113178      
108.2995655345491      
113.8762568408501      
119.4273620587096      
124.9500604535256      
130.0258198354400      
