0.000000000000000      
59.99999988125637      
154.2937102261931      
253.5309979110025      
353.4048904082738      
453.4144443226978      
553.5001806216314      
653.6508016521111      
753.8610940799117      
854.1239243815653      
954.4323963462375      
1054.780964087695      
1155.161436391063      
1255.566622526385      
1355.988349509425      
1456.418262992520      
1556.847741769161      
1657.269061706029      
1757.673868769780      
1858.053638564888      
1958.401196077466      
2058.710696187336      
2158.972535748035      
2259.181775827892      
2359.331627085339      
2459.417848382145      
2559.435083682183      
2659.379380079918      
2759.247844561469      
2859.037646348588      
2958.748129452579      
3058.379297959618      
3157.930283085443      
3257.402872690000      
3356.799816456623      
3456.121430592611      
3555.373939918354      
3654.559936013538      
3753.686264483258      
3852.756594086532      
3951.777350809425      
4050.756947777700      
4149.701177305542      
4248.618177173194      
4347.515323245898      
4395.216465136036      
4455.216465017293      
4548.724704806227      
4646.991788037121      
4745.821035350673      
4844.734083884396      
4943.682277004700      
5042.667859594803      
5141.696672374383      
5240.775077836588      
5339.909419615287      
5439.105316519272      
5538.368127099238      
5637.700723309536      
5737.107474217191      
5836.590748233721      
5936.153673799708      
6035.795403190423      
6135.518056189176      
6235.319548530970      
6335.198847355787      
6435.152505186852      
6535.178540856577      
6635.273295978550      
6735.430577478837      
6835.646679194178      
6935.915674280841      
7036.230387096293      
7136.582797416486      
7236.966907361057      
7337.374975509010      
7430.155427427962      
