10.43490417685807      
10.88742436363575      
11.51398442071303      
12.05483672161170      
12.47074436648810      
12.75365722930175      
12.90000599838169      
12.90810842040486      
12.77795561686398      
12.51118708374098      
12.11105080329299      
11.58232708970882      
10.93120985406137      
10.16521388495430      
9.292996225297875      
8.324224232482647      
7.269438441789029      
6.139881675729940      
4.947403154178404      
3.704324385634573      
2.423322360277939      
1.117339775300674      
-0.2004782342596249    
-1.516873982815612     
-2.818553567468875     
-4.092309838246821     
-5.325048883807090     
-6.503907649224908     
-7.616351062537690     
-8.650313392585174     
-9.594343281118530     
-10.43773207713236     
-11.17071012346735     
-11.78458337999164     
-12.27192902041600     
-12.62672208560964     
-12.84450591904678     
-12.92248503580580     
-12.85959515288269     
-12.65653276841288     
-12.31574534976500     
-11.84137234469265     
-11.23914364109216     
-10.51625397837958     
-9.681218743996151     
-9.228615269767401     
-8.637481830869628     
-7.656802393628183     
-6.550241052857305     
-5.370245481091150     
-4.134542036621989     
-2.856782988288810     
-1.550333108387466     
-0.2286342371416858    
1.094804230696264      
2.406502923274036      
3.693098772562186      
4.941420269906592      
6.138612304061886      
7.272197497599564      
8.330201273819378      
9.301278889480345      
10.17485785698641      
10.94127348518634      
11.59191654768607      
12.11936911569634      
12.51757347923278      
12.78191246258373      
12.90933294226394      
12.89840473341298      
12.74935012747053      
12.46403110387172      
12.04590831118789      
11.49997091883040      
10.83260660339485      
10.05147654578066      
9.227547032651277      
