79.53818603978173      
82.86459911615704      
88.11234265354402      
93.65141930672539      
99.23990569147624      
104.8454001224147      
110.4590995923103      
116.0746114803784      
121.6854869769243      
127.2857183352337      
132.8696318665072      
138.4323172647477      
143.9699408246228      
149.4796075559438      
154.9598103095013      
160.4103111974151      
165.8320862435949      
171.2274159773860      
176.5995909455787      
-178.0471471246544     
-172.7077357250162     
-167.3765068573055     
-162.0474770045725     
-156.7145129839887     
-151.3715559556367     
-146.0126608675681     
-140.6324494645335     
-135.2262291498941     
-129.7902462122933     
-124.3217887691670     
-118.8192937822985     
-113.2825941779870     
-107.7127810716831     
-102.1124157221395     
-96.48523962619664     
-90.83635941940028     
-85.17171133449094     
-79.49792186025711     
-73.82193684313312     
-68.15084290057706     
-62.49143194994492     
-56.84987166143012     
-51.23139754056206     
-45.64014325341802     
-40.07902088726267     
-37.33381582599409     
-33.95831458965759     
-28.75818946239583     
-23.32673762575448     
-17.89355715072841     
-12.48179143174074     
-7.090095001145746     
-1.713747727453857     
3.652811685411714      
9.015392317996985      
14.37986879787217      
19.75196337220764      
25.13697913571351      
30.53973275031079      
35.96419438893692      
41.41336483471954      
46.88914123852890      
52.39225383542470      
57.92217023707649      
63.47709226529057      
69.05389661815678      
74.64857468852153      
80.25599351689434      
85.87039840602401      
91.48560190744541      
97.09536963196270      
102.6936936998749      
108.2750143643821      
113.8344640748259      
119.3683205527863      
124.8740287430432      
129.9859812319123      
