0.000000000000000      
59.99999988125637      
154.4430116191506      
253.8916499353945      
354.0489700972103      
454.4151344918646      
554.9264135188423      
655.5689104017802      
756.3289439887740      
857.1964717120863      
958.1578721408732      
1059.198894258589      
1160.306395660155      
1261.462890019175      
1362.652944156434      
1463.860398810357      
1565.067790914327      
1666.259486437775      
1767.418454191647      
1868.528073490597      
1969.573117664549      
2070.539478398860      
2171.412704768591      
2272.179038927425      
2372.825434652623      
2473.343042540364      
2573.722826165613      
2673.957343655638      
2774.039761035237      
2873.965263844002      
2973.731793591287      
3073.337514325976      
3172.784339322243      
3272.074054239783      
3371.212228853256      
3470.202449255157      
3569.052071194164      
3667.769895354286      
3766.367132007144      
3864.854578720406      
3963.244205794763      
4061.549226986244      
4159.784500265960      
4257.965498731937      
4356.107544922270      
4404.751618858427      
4464.751618739683      
4557.598546170630      
4655.113140272442      
4753.190234780777      
4851.370267651509      
4949.614374933299      
5047.931088251062      
5146.334510575980      
5244.837365008425      
5343.451571557671      
5442.188162903767      
5541.056226077490      
5640.065351652447      
5739.222458470613      
5838.532623136416      
5937.999198201578      
6037.624561192933      
6137.409455794841      
6237.353051570244      
6337.450927903410      
6437.700890831184      
6538.095501309726      
6638.626939652022      
6739.285476354416      
6840.061009756755      
6940.942488005385      
7041.916639194824      
7142.967673076782      
7244.081665843260      
7345.244222204201      
7439.690581464674      
